# 0.03811  hbar^2/(2m)
# -4.0 xmin
# 4.0 xmax
# 1350 ngrid
# 0 nnode 
# 0.1 vscale
# 0.3289869295934311  Energy
#offset=0
#omega=1
#mass=5.68
#offset+(0.5*mass*omega^2*x^2)
-4.0 0.0 0.0
-3.994069681245367 4.179461488773454E-31 45.30536303694744
-3.9881393624907338 8.532905539838283E-31 45.17092583200031
-3.9822090437361006 1.3240578238489559E-30 45.03668838515859
-3.976278724981468 1.8496301448872767E-30 44.902650696422306
-3.970348406226835 2.451534256682917E-30 44.768812765791424
-3.9644180874722017 3.154307058772439E-30 44.635174593265965
-3.9584877687175686 3.986474064876555E-30 44.501736178845924
-3.9525574499629355 4.9816788976744315E-30 44.36849752253131
-3.9466271312083023 6.1800074573630676E-30 44.235458624322106
-3.940696812453669 7.629557484364197E-30 44.10261948421832
-3.9347664936990365 9.388313215564667E-30 43.96998010221997
-3.9288361749444034 1.1526396018214077E-29 43.83754047832703
-3.9229058561897703 1.4128775669118517E-29 43.7053006125395
-3.916975537435137 1.729854381452632E-29 43.5732605048574
-3.911045218680504 2.116087169231151E-29 43.44142015528071
-3.905114899925871 2.586779914573446E-29 43.30977956380944
-3.899184581171238 3.1604032183425057E-29 43.1783387304436
-3.893254262416605 3.859396290229193E-29 43.04709765518318
-3.887323943661972 4.7110169766246745E-29 42.91605633802817
-3.881393624907339 5.74837095627154E-29 42.785214778978585
-3.8754633061527057 7.011657669253428E-29 42.65457297803441
-3.8695329873980726 8.549678301333755E-29 42.52413093519566
-3.8636026686434395 1.042166049270439E-28 42.39388865046233
-3.8576723498888064 1.2699465699114916E-28 42.26384612383441
-3.8517420311341732 1.5470258689746354E-28 42.13400335531192
-3.8458117123795406 1.8839734982755346E-28 42.004360344894856
-3.8398813936249074 2.2936021651070587E-28 41.874917092583196
-3.8339510748702743 2.7914390543076106E-28 41.74567359837696
-3.828020756115641 3.396295135261199E-28 41.61662986227614
-3.822090437361008 4.130952609552258E-28 41.48778588428075
-3.816160118606375 5.022994754983485E-28 41.359141664390776
-3.810229799851742 6.105807346323846E-28 41.230697202606216
-3.804299481097109 7.419786746412094E-28 41.102452498927086
-3.798369162342476 9.013796859221204E-28 40.97440755335336
-3.792438843587843 1.0946925653755065E-27 40.84656236588506
-3.7865085248332098 1.3290602184646971E-27 40.71891693652218
-3.7805782060785766 1.6131147287250428E-27 40.591471265264715
-3.7746478873239435 1.95728458123438E-27 40.46422535211267
-3.7687175685693104 2.3741645866654837E-27 40.33717919706605
-3.7627872498146777 2.8789611611392404E-27 40.210332800124846
-3.7568569310600446 3.4900281423570204E-27 40.083686161289066
-3.7509266123054115 4.229511345754936E-27 39.957239280558696
-3.7449962935507783 5.124123682717578E-27 39.83099215793375
-3.739065974796145 6.206076991908573E-27 39.70494479341422
-3.733135656041512 7.514201912427967E-27 39.57909718700011
-3.727205337286879 9.095293318123725E-27 39.45344933869142
-3.7212750185322463 1.100572623171886E-26 39.32800124848816
-3.715344699777613 1.3313395978569982E-26 39.20275291639031
-3.70941438102298 1.610004690033361E-26 39.07770434239788
-3.703484062268347 1.9464066558793585E-26 38.95285552651086
-3.697553743513714 2.3523837412415602E-26 38.82820646872927
-3.6916234247590807 2.842175590998516E-26 38.70375716905309
-3.6856931060044476 3.432905037229363E-26 38.57950762748234
-3.679762787249815 4.1451554584232135E-26 38.45545784401701
-3.6738324684951817 5.00366244798799E-26 38.3316078186571
-3.6679021497405486 6.038142160336743E-26 38.2079575514026
-3.6619718309859155 7.284283027390215E-26 38.08450704225352
-3.6560415122312824 8.784932688631281E-26 37.961256291209864
-3.6501111934766493 1.0591518109529776E-25 37.838205298271625
-3.644180874722016 1.2765744160826387E-25 37.7153540634388
-3.6382505559673834 1.5381624613685388E-25 37.592702586711404
-3.6323202372127503 1.8527909832495843E-25 37.47025086808942
-3.626389918458117 2.231098772545435E-25 37.34799890757286
-3.620459599703484 2.6858349107007615E-25 37.22594670516172
-3.614529280948851 3.232272596675588E-25 37.104094260855994
-3.608598962194218 3.8887031736633607E-25 36.98244157465569
-3.6026686434395847 4.67702571056604E-25 36.8609886465608
-3.596738324684952 5.623450396319315E-25 36.73973547657134
-3.590808005930319 6.759337450152462E-25 36.61868206468729
-3.584877687175686 8.122197337460775E-25 36.49782841090867
-3.5789473684210527 9.756882927056757E-25 36.37717451523545
-3.5730170496664195 1.1717009970404457E-24 36.25672037766766
-3.5670867309117864 1.406664909146094E-24 36.136465998205296
-3.5611564121571533 1.6882340541044373E-24 36.01641137684834
-3.5552260934025206 2.025549252124959E-24 35.89655651359682
-3.5492957746478875 2.4295235193502257E-24 35.776901408450705
-3.5433654558932544 2.913181586695501E-24 35.65744606141001
-3.5374351371386212 3.4920636697615555E-24 35.53819047247474
-3.531504818383988 4.1847054955380945E-24 35.41913464164488
-3.525574499629355 5.0132088057321E-24 35.30027856892045
-3.519644180874722 6.003919173496999E-24 35.18162225430142
-3.513713862120089 7.188231062367897E-24 35.06316569778784
-3.507783543365456 8.603543708363197E-24 34.94490889937966
-3.501853224610823 1.0294395718531204E-23 34.8268518590769
-3.49592290585619 1.2313811369344107E-23 34.708994576879554
-3.4899925871015567 1.4724897594568913E-23 34.59133705278764
-3.4840622683469236 1.7602737737100558E-23 34.473879286801136
-3.4781319495922904 2.1036636493657283E-23 34.35662127892005
-3.4722016308376578 2.5132780329436795E-23 34.2395630291444
-3.4662713120830246 3.0017389245047625E-23 34.122704537474156
-3.4603409933283915 3.5840449449187483E-23 34.00604580390933
-3.4544106745737584 4.2780132590059047E-23 33.88958682844992
-3.4484803558191253 5.1048026151429796E-23 33.77332761109594
-3.442550037064492 6.089532192385211E-23 33.65726815184737
-3.436619718309859 7.262013570184997E-23 33.54140845070422
-3.4306893995552263 8.657616221802474E-23 33.4257485076665
-3.424759080800593 1.031829056063145E-22 33.310288322734195
-3.41882876204596 1.2293776832716305E-22 33.1950278959073
-3.412898443291327 1.4643033158502923E-22 33.079967227185826
-3.406968124536694 1.7435921910800383E-22 32.96510631656978
-3.4010378057820607 2.0755200524259209E-22 32.850445164059145
-3.3951074870274276 2.469887094003703E-22 32.735983769653934
-3.389177168272795 2.9382951403001907E-22 32.62172213335414
-3.3832468495181613 3.494474548765279E-22 32.50766025515976
-3.3773165307635287 4.1546696313028574E-22 32.39379813507081
-3.3713862120088955 4.938092924327312E-22 32.280135773087274
-3.3654558932542624 5.867460434092458E-22 32.16667316920916
-3.3595255744996293 6.969622088974395E-22 32.05341032343646
-3.353595255744996 8.276304095240218E-22 31.940347235769185
-3.3476649369903635 9.82498277812014E-22 31.82748390620733
-3.34173461823573 1.1659912866304506E-21 31.71482033475088
-3.3358042994810972 1.3833337127546602E-21 31.602356521399866
-3.329873980726464 1.6406908881649855E-21 31.490092466154266
-3.323943661971831 1.945336431627445E-21 31.378028169014083
-3.318013343217198 2.3058487840512103E-21 31.26616362997932
-3.3120830244625648 2.7323421082069896E-21 31.154498849049975
-3.306152705707932 3.2367374741825727E-21 31.043033826226058
-3.3002223869532985 3.83308125686971E-21 30.931768561507543
-3.294292068198666 4.537918844557311E-21 30.820703054894466
-3.2883617494440327 5.370733125929324E-21 30.709837306386795
-3.2824314306893996 6.3544588184647536E-21 30.59917131598455
-3.2765011119347665 7.516085561604914E-21 30.488705083687723
-3.2705707931801333 8.887364866257482E-21 30.37843860949631
-3.2646404744255006 1.0505638538334897E-20 30.26837189341033
-3.258710155670867 1.2414809136169316E-20 30.15850493542975
-3.2527798369162344 1.4666476447163903E-20 30.048837735554603
-3.2468495181616013 1.7321267955999586E-20 29.93937029378487
-3.240919199406968 2.0450395915571125E-20 29.830102610120555
-3.234988880652335 2.4137479027343063E-20 29.721034684561662
-3.229058561897702 2.8480673011295947E-20 29.612166517108186
-3.2231282431430692 3.359516163747381E-20 29.50349810776014
-3.2171979243884357 3.961606826378563E-20 29.39502945651749
-3.211267605633803 4.670185776603876E-20 29.28676056338028
-3.20533728687917 5.503831017341903E-20 29.178691428348483
-3.1994069681245367 6.484316058685275E-20 29.070822051422102
-3.1934766493699036 7.637151534897629E-20 28.963152432601145
-3.1875463306152705 8.992217228784336E-20 28.855682571885602
-3.181616011860638 1.0584499355885152E-19 28.748412469275493
-3.1756856931060042 1.245495036071404E-19 28.64134212477078
-3.1697553743513716 1.465149125810229E-19 28.534471538371502
-3.1638250555967384 1.7230179773997354E-19 28.42780071007764
-3.1578947368421053 2.025657127033005E-19 28.321329639889196
-3.151964418087472 2.380730375673313E-19 28.215058327806172
-3.146034099332839 2.797194328893237E-19 28.108986773828562
-3.1401037805782064 3.2855131834293544E-19 28.003114977956383
-3.134173461823573 3.857908636990313E-19 27.89744294018961
-3.12824314306894 4.52865057064959E-19 27.79197066052827
-3.122312824314307 5.314395046221562E-19 27.68669813897234
-3.116382505559674 6.234577192727397E-19 27.58162537552183
-3.1104521868050408 7.311867747521322E-19 27.476752370176737
-3.1045218680504076 8.572703393135603E-19 27.372079122937066
-3.098591549295775 1.0047902618294342E-18 27.267605633802823
-3.0926612305411414 1.1773380662860278E-18 27.163331902773983
-3.0867309117865087 1.3790979218474288E-18 27.059257929850574
-3.0808005930318756 1.6149428991509422E-18 26.95538371503258
-3.0748702742772425 1.890546604108572E-18 26.851709258320003
-3.0689399555226093 2.2125126037779497E-18 26.748234559712845
-3.063009636767976 2.5885244311936954E-18 26.644959619211107
-3.057079318013343 3.027519384708058E-18 26.541884436814794
-3.05114899925871 3.539889830730688E-18 26.439009012523893
-3.0452186805040773 4.137716286346833E-18 26.33633334633842
-3.039288361749444 4.8350372110811536E-18 26.233857438258358
-3.033358042994811 5.648161187591115E-18 26.131581288283716
-3.027427724240178 6.596028033653489E-18 26.029504896414497
-3.021497405485545 7.70062637884092E-18 25.927628262650693
-3.0155670867309117 8.987476377509411E-18 25.82595138699231
-3.0096367679762785 1.0486187536542141E-17 25.724474269439348
-3.003706449221646 1.2231103136176371E-17 25.62319690999181
-2.9977761304670127 1.4262044443104308E-17 25.522119308649682
-2.9918458117123796 1.6625169888761065E-17 25.421241465412976
-2.9859154929577465 1.9373966648665017E-17 25.32056338028169
-2.9799851742031134 2.2570394652343507E-17 25.220085053255822
-2.9740548554484807 2.6286206025062676E-17 25.119806484335378
-2.968124536693847 3.0604466366199184E-17 25.019727673520343
-2.9621942179392144 3.562130816607312E-17 24.919848620810736
-2.9562638991845813 4.1447951123371455E-17 24.82016932620655
-2.950333580429948 4.8213029228589266E-17 24.720689789707777
-2.944403261675315 5.606527031586442E-17 24.621410011314424
-2.938472942920682 6.517658045932825E-17 24.52232999102649
-2.9325426241660493 7.574559321795108E-17 24.423449728843984
-2.9266123054114157 8.800175244819463E-17 24.32476922476688
-2.920681986656783 1.0221000735816091E-16 24.22628847879521
-2.9147516679021495 1.1867620984253797E-16 24.128007490928944
-2.9088213491475168 1.377533171100287E-16 24.029926261168114
-2.9028910303928837 1.5984851741609086E-16 23.932044789512698
-2.8969607116382505 1.8543141359561805E-16 23.8343630759627
-2.891030392883618 2.1504341833840558E-16 23.736881120518127
-2.8851000741289843 2.493085370889025E-16 23.63959892317896
-2.8791697553743516 2.8894573944815296E-16 23.542516483945224
-2.873239436619718 3.3478314842617034E-16 23.445633802816896
-2.8673091178650854 3.877743093086927E-16 23.348950879794003
-2.8613787991104522 4.490168367971162E-16 23.252467714876516
-2.855448480355819 5.197737810585608E-16 23.15618430806445
-2.8495181616011864 6.014981010680642E-16 23.06010065935781
-2.843587842846553 6.958606879099535E-16 22.96421676875658
-2.83765752409192 8.047824424046112E-16 22.868532636260777
-2.8317272053372866 9.304709815280058E-16 22.773048261870386
-2.825796886582654 1.0754626277105606E-15 22.677763645585422
-2.819866567828021 1.2426704254995644E-15 22.582678787405875
-2.8139362490733877 1.435439032668248E-15 22.487793687331745
-2.808005930318755 1.6576074492605326E-15 22.393108345363043
-2.8020756115641214 1.9135806800845435E-15 22.298622761499743
-2.7961452928094888 2.2084115758527717E-15 22.20433693574188
-2.790214974054855 2.547894267814468E-15 22.11025086808942
-2.7842846553002225 2.9386708029306533E-15 22.01636455854239
-2.7783543365455894 3.3883528043259036E-15 21.922678007100778
-2.7724240177909563 3.905660228203747E-15 21.82919121376458
-2.766493699036323 4.5005795673367854E-15 21.735904178533804
-2.76056338028169 5.1845441668044985E-15 21.642816901408448
-2.7546330615270573 5.9706396745361375E-15 21.549929382388516
-2.7487027427724238 6.8738380526904236E-15 21.45724162147399
-2.742772424017791 7.911264031887014E-15 21.3647536186649
-2.736842105263158 9.102498405446252E-15 21.272465373961218
-2.730911786508525 1.0469923142560413E-14 21.180376887362957
-2.7249814677538917 1.2039113956092927E-14 21.088488158870117
-2.7190511489992586 1.3839286701886517E-14 20.996799188482694
-2.713120830244626 1.5903804822605582E-14 20.905309976200698
-2.7071905114899923 1.8270755992069572E-14 20.814020522024105
-2.7012601927353597 2.098360717900827E-14 20.72293082595295
-2.6953298739807265 2.409194854703794E-14 20.632040887987202
-2.6893995552260934 2.7652337957050777E-14 20.541350708126878
-2.6834692364714603 3.172925935774801E-14 20.45086028637197
-2.677538917716827 3.63962100605651E-14 20.360569622722483
-2.6716085989621945 4.1736933820041924E-14 20.27047871717842
-2.665678280207561 4.784681880584302E-14 20.180587569739764
-2.6597479614529282 5.4834481987262496E-14 20.09089618040654
-2.653817642698295 6.282356418770083E-14 20.00140454917873
-2.647887323943662 7.195476314162694E-14 19.912112676056335
-2.641957005189029 8.238813534052086E-14 19.823020561039364
-2.6360266864343957 9.430570133251806E-14 19.734128204127813
-2.630096367679763 1.0791439349347077E-13 19.645435605321683
-2.6241660489251295 1.2344939017123923E-13 19.556942764620963
-2.618235730170497 1.4117788558302862E-13 19.468649682025674
-2.6123054114158637 1.6140335098746507E-13 19.3805563575358
-2.6063750926612306 1.8447034953679036E-13 19.29266279115134
-2.6004447739065975 2.1076997492681976E-13 19.204968982872302
-2.5945144551519643 2.4074599259971087E-13 19.117474932698684
-2.5885841363973316 2.749017719245598E-13 19.03018064063049
-2.582653817642698 3.1380810860282803E-13 18.943086106667703
-2.5767234988880654 3.581120486523968E-13 18.856191330810347
-2.5707931801334323 4.085468388631773E-13 18.769496313058404
-2.564862861378799 4.659431437525551E-13 18.683001053411886
-2.558932542624166 5.312416859624343E-13 18.59670555187078
-2.553002223869533 6.055074859331875E-13 18.510609808435095
-2.5470719051149002 6.899458977873791E-13 18.424713823104838
-2.5411415863602667 7.859206619060927E-13 18.339017595879987
-2.535211267605634 8.949742209583409E-13 18.253521126760564
-2.529280948851001 1.018850575454396E-12 18.168224415746558
-2.5233506300963677 1.159520987574792E-12 18.08312746283797
-2.5174203113417346 1.3192128784521682E-12 17.9982302680348
-2.5114899925871015 1.5004423046669697E-12 17.91353283133705
-2.505559673832469 1.7060504449180558E-12 17.829035152744726
-2.4996293550778352 1.939244578151725E-12 17.74473723225781
-2.4936990363232026 2.2036440904370033E-12 17.660639069876325
-2.4877687175685694 2.5033321101794058E-12 17.57674066560025
-2.4818383988139363 2.8429134405523046E-12 17.493042019429595
-2.475908080059303 3.2275795350481333E-12 17.409543131364362
-2.46997776130467 3.6631813476422094E-12 17.326244001404547
-2.4640474425500374 4.156310984137163E-12 17.243144629550155
-2.458117123795404 4.7143931868266345E-12 17.160245015801177
-2.452186805040771 5.345787801797421E-12 17.077545160157623
-2.446256486286138 6.059904508206701E-12 16.995045062619486
-2.440326167531505 6.86733123307688E-12 16.912744723186766
-2.4343958487768718 7.779977835032336E-12 16.830644141859466
-2.4284655300222386 8.811236817596073E-12 16.748743318637587
-2.422535211267606 9.976163028969729E-12 16.66704225352113
-2.4166048925129724 1.1291674522615219E-11 16.585540946510083
-2.4106745737583397 1.2776776993614089E-11 16.504239397604465
-2.4047442550037066 1.445281447208805E-11 16.42313760680426
-2.3988139362490735 1.6343749249541596E-11 16.342235574109477
-2.3928836174944403 1.8476474339710254E-11 16.26153329952011
-2.386953298739807 2.088116213551969E-11 16.181030783036167
-2.3810229799851745 2.3591653321539024E-11 16.100728024657645
-2.375092661230541 2.6645890540635744E-11 16.020625024384533
-2.3691623424759083 3.0086401798559924E-11 15.940721782216848
-2.363232023721275 3.396083912544643E-11 15.86101829815458
-2.357301704966642 3.832257860369987E-11 15.781514572197729
-2.351371386212009 4.323138852285825E-11 15.702210604346298
-2.345441067457376 4.875417313976773E-11 15.623106394600287
-2.339510748702743 5.496580031324503E-11 15.5442019429597
-2.3335804299481095 6.195002215345943E-11 15.465497249424521
-2.327650111193477 6.980049878529084E-11 15.386992313994774
-2.3217197924388437 7.862193638038048E-11 15.308687136670438
-2.3157894736842106 8.853135177372452E-11 15.230581717451523
-2.3098591549295775 9.965947725754109E-11 15.152676056338027
-2.3039288361749444 1.1215232054874882E-10 15.07497015332995
-2.2979985174203117 1.2617289646869055E-10 14.997464008427299
-2.292068198665678 1.4190314856774976E-10 14.920157621630054
-2.2861378799110454 1.5954608078741625E-10 14.843050992938242
-2.2802075611564123 1.7932812129359045E-10 14.766144122351841
-2.274277242401779 2.015017428542491E-10 14.689437009870861
-2.268346923647146 2.2634836659026564E-10 14.6129296554953
-2.262416604892513 2.541815786199936E-10 14.536622059225156
-2.2564862861378803 2.8535069206770294E-10 14.46051422106044
-2.2505559673832467 3.202446901364511E-10 14.384606141001129
-2.244625648628614 3.5929658948281116E-10 14.30889781904725
-2.238695329873981 4.029882670015395E-10 14.233389255198786
-2.2327650111193478 4.5185579736251764E-10 14.158080449455737
-2.2268346923647147 5.064953532724046E-10 14.082971401818112
-2.2209043736100815 5.675697254943075E-10 14.008062112285904
-2.214974054855449 6.358155251882263E-10 13.93335258085912
-2.2090437361008153 7.120511371739251E-10 13.858842807537746
-2.2031134173461826 7.97185499310445E-10 13.7845327923218
-2.1971830985915495 8.922277903804677E-10 13.710422535211269
-2.1912527798369164 9.982981167147503E-10 13.636512036206158
-2.1853224610822832 1.1166392963475953E-9 13.562801295306466
-2.17939214232765 1.2486298488188802E-9 13.48929031251219
-2.1734618235730174 1.395798308896363E-9 13.415979087823343
-2.167531504818384 1.5598389935536704E-9 13.342867621239902
-2.161601186063751 1.7426293635798192E-9 13.26995591276189
-2.1556708673091176 1.946249134296345E-9 13.197243962389292
-2.149740548554485 2.1730013041053717E-9 13.12473177012212
-2.143810229799852 2.4254352850799696E-9 13.05241933596036
-2.1378799110452187 2.706372336637897E-9 12.980306659904022
-2.131949592290586 3.0189335216194964E-9 12.908393741953109
-2.1260192735359524 3.3665704239366354E-9 12.836680582107602
-2.1200889547813198 3.753098888496926E-9 12.765167180367525
-2.114158636026686 4.182736067470027E-9 12.693853536732858
-2.1082283172720535 4.660141082294322E-9 12.622739651203622
-2.1022979985174204 5.190459638276421E-9 12.551825523779799
-2.0963676797627873 5.779372958377776E-9 12.481111154461393
-2.0904373610081546 6.4331514349884105E-9 12.410596543248413
-2.084507042253521 7.158713433346231E-9 12.340281690140843
-2.0785767234988883 7.963689717973147E-9 12.270166595138702
-2.0726464047442548 8.856494014281978E-9 12.200251258241968
-2.066716085989622 9.84640026159085E-9 12.130535679450665
-2.060785767234989 1.0943627161410177E-8 12.061019858764778
-2.054855448480356 1.2159430676303299E-8 11.991703796184307
-2.048925129725723 1.3506205190144533E-8 11.922587491709264
-2.0429948109710896 1.4997594100505243E-8 11.853670945339626
-2.037064492216457 1.6648610678506217E-8 11.784954157075418
-2.0311341734618233 1.847577010111962E-8 11.71643712691662
-2.0252038547071907 2.0497233635944812E-8 11.648119854863253
-2.0192735359525575 2.2732966039299167E-8 11.580002340915298
-2.0133432171979244 2.520490731546216E-8 11.512084585072763
-2.0074128984432913 2.793716007851719E-8 11.444366587335647
-2.001482579688658 3.095619385890505E-8 11.37684834770395
-1.9955522609340255 3.429106780501802E-8 11.309529866177678
-1.9896219421793924 3.7973673346433714E-8 11.24241114275682
-1.9836916234247592 4.2038998510253934E-8 11.175492177441381
-1.9777613046701261 4.652541571604548E-8 11.108772970231362
-1.971830985915493 5.1474995018681806E-8 11.04225352112676
-1.9659006671608599 5.6933844922592894E-8 10.975933830127579
-1.9599703484062267 6.295248305621821E-8 10.909813897233818
-1.954040029651594 6.95862391725325E-8 10.843893722445479
-1.948109710896961 7.689569313112458E-8 10.778173305762556
-1.9421793921423278 8.49471507202392E-8 10.71265264718505
-1.9362490733876947 9.38131603942714E-8 10.647331746712965
-1.9303187546330616 1.0357307423429715E-7 10.5822106043463
-1.9243884358784284 1.1431365668725036E-7 10.517289220085052
-1.9184581171237953 1.2612974490426943E-7 10.452567593929224
-1.9125277983691626 1.3912496478154216E-7 10.388045725878822
-1.9065974796145295 1.5341250710872783E-7 10.323723615933831
-1.9006671608598964 1.691159685518309E-7 10.259601264094263
-1.8947368421052633 1.863702625403924E-7 10.195678670360111
-1.8888065233506302 2.053226054942568E-7 10.13195583473138
-1.882876204595997 2.2613358421421848E-7 10.068432757208068
-1.876945885841364 2.4897831067486027E-7 10.005109437790175
-1.8710155670867308 2.740476708982317E-7 9.9419858764777
-1.865085248332098 3.015496750550951E-7 9.879062073270651
-1.859154929577465 3.317109164377627E-7 9.816338028169016
-1.8532246108228319 3.647781474765964E-7 9.7538137411728
-1.8472942920681987 4.010199815326186E-7 9.691489212282002
-1.8413639733135656 4.4072872979304476E-7 9.629364441496625
-1.8354336545589325 4.842223832265828E-7 9.567439428816666
-1.8295033358042994 5.31846750222819E-7 9.505714174242126
-1.8235730170496667 5.83977761246729E-7 9.444188677773012
-1.8176426982950336 6.410239525871869E-7 9.38286293940931
-1.8117123795404004 7.03429142069222E-7 9.321736959151028
-1.8057820607857673 7.716753104356493E-7 9.260810736998167
-1.7998517420311342 8.462857029866284E-7 9.200084272950724
-1.793921423276501 9.278281669977285E-7 9.1395575670087
-1.787991104521868 1.0169187414203446E-6 9.079230619172096
-1.7820607857672353 1.1142255164049655E-6 9.019103429440914
-1.7761304670126021 1.220472781280049E-6 8.959175997815148
-1.770200148257969 1.3364454807693586E-6 8.8994483242948
-1.7642698295033359 1.4629940004408206E-6 8.839920408879873
-1.7583395107487028 1.6010393036525867E-6 8.780592251570363
-1.7524091919940696 1.751578443599332E-6 8.721463852366274
-1.7464788732394365 1.9156904754662417E-6 8.662535211267604
-1.7405485544848038 2.0945427951719904E-6 8.603806328274358
-1.7346182357301707 2.2893979327275947E-6 8.545277203386526
-1.7286879169755376 2.5016208298577504E-6 8.486947836604113
-1.7227575982209045 2.73268663322738E-6 8.42881822792712
-1.7168272794662713 2.98418903639099E-6 8.370888377355547
-1.7108969607116382 3.25784920543831E-6 8.313158284889392
-1.704966641957005 3.5555253252487274E-6 8.255627950528655
-1.6990363232023724 3.879222805291542E-6 8.198297374273343
-1.6931060044477393 4.2311051860209336E-6 8.141166556123446
-1.6871756856931062 4.613505789115973E-6 8.084235496078968
-1.681245366938473 5.028940157108755E-6 8.02750419413991
-1.67531504818384 5.480119330329682E-6 7.97097265030627
-1.6693847294292068 5.969964011579693E-6 7.9146408645780495
-1.6634544106745737 6.501619671516318E-6 7.858508836955248
-1.657524091919941 7.078472650415198E-6 7.802576567437871
-1.6515937731653079 7.704167314742306E-6 7.746844056025909
-1.6456634544106747 8.382624329845394E-6 7.691311302719365
-1.6397331356560416 9.118060113047012E-6 7.635978307518241
-1.6338028169014085 9.915007534496118E-6 7.580845070422535
-1.6278724981467754 1.0778337936311102E-5 7.52591159143225
-1.6219421793921422 1.1713284543823709E-5 7.471177870547383
-1.6160118606375096 1.272546734611059E-5 7.4166439077679405
-1.6100815418828764 1.382091952647609E-5 7.362309703093912
-1.6041512231282433 1.5006115527125074E-5 7.308175256525303
-1.5982209043736102 1.6288000835936823E-5 7.254240568062113
-1.592290585618977 1.7674023587017763E-5 7.200505637704342
-1.586360266864344 1.9172168070569928E-5 7.146970465451992
-1.5804299481097108 2.0790990251560095E-5 7.09363505130506
-1.5744996293550781 2.2539655400708235E-5 7.04049939526355
-1.568569310600445 2.4427977945428825E-5 6.987563497327456
-1.562638991845812 2.6466463652550043E-5 6.934827357496783
-1.5567086730911788 2.8666354258898403E-5 6.882290975771528
-1.5507783543365457 3.103967467016374E-5 6.829954352151691
-1.5448480355819125 3.359928285284491E-5 6.777817486637275
-1.5389177168272794 3.6358922548512626E-5 6.725880379228277
-1.5329873980726463 3.933327894410349E-5 6.674143029924699
-1.5270570793180136 4.253803743647036E-5 6.622605438726544
-1.5211267605633805 4.598994563394711E-5 6.571267605633804
-1.5151964418087474 4.9706878742231326E-5 6.520129530646484
-1.5092661230541142 5.370790848643266E-5 6.469191213764582
-1.503335804299481 5.801337572566651E-5 6.4184526549881
-1.497405485544848 6.264496692107646E-5 6.367913854317037
-1.4914751667902149 6.762579462263138E-5 6.317574811751393
-1.4855448480355822 7.298048214444639E-5 6.267435527291173
-1.479614529280949 7.873525260270568E-5 6.217496000936367
-1.473684210526316 8.49180224944993E-5 6.167756232686982
-1.4677538917716828 9.15585000000075E-5 6.118216222543015
-1.4618235730170497 9.86882881944535E-5 6.068875970504467
-1.4558932542624166 1.0634099336007706E-4 6.019735476571339
-1.4499629355077834 1.1455233859203341E-4 5.97079474074363
-1.4440326167531508 1.2336028289557178E-4 5.922053763021343
-1.4381022979985176 1.328051459750673E-4 5.873512543404473
-1.4321719792438845 1.429297389184448E-4 5.8251710818930205
-1.4262416604892514 1.5377950098321267E-4 5.777029378486989
-1.4203113417346183 1.6540264269269145E-4 5.729087433186376
-1.4143810229799851 1.7785029545304423E-4 5.6813452459911815
-1.408450704225352 1.911766679033611E-4 5.633802816901407
-1.4025203854707193 2.054392092122861E-4 5.586460145917056
-1.3965900667160862 2.2069877953546663E-4 5.539317233038119
-1.390659747961453 2.3701982784841746E-4 5.492374078264602
-1.38472942920682 2.544705773691854E-4 5.445630681596505
-1.3787991104521868 2.731232187844416E-4 5.399087043033826
-1.3728687916975537 2.9305411149127346E-4 5.352743162576568
-1.3669384729429206 3.143439930649597E-4 5.306599040224727
-1.361008154188288 3.37078197160348E-4 5.2606546759783095
-1.3550778354336548 3.613468800510747E-4 5.214910069837308
-1.3491475166790217 3.872452560067212E-4 5.169365221801725
-1.3432171979243885 4.1487384170305785E-4 5.124020131871562
-1.3372868791697554 4.443387098547319E-4 5.078874800046818
-1.3313565604151223 4.75751752253067E-4 5.033929226327493
-1.3254262416604892 5.092309523840176E-4 4.989183410713588
-1.3194959229058565 5.449006677927108E-4 4.944637353205105
-1.3135656041512234 5.828919223513691E-4 4.9002910538020386
-1.3076352853965902 6.233427085766941E-4 4.8561445125043905
-1.3017049666419571 6.663983001309524E-4 4.812197729312161
-1.295774647887324 7.12211574628009E-4 4.768450704225352
-1.2898443291326909 7.609433468513346E-4 4.724903437243962
-1.2839140103780577 8.127627124755526E-4 4.681555928367992
-1.277983691623425 8.678474023663224E-4 4.638408177597443
-1.272053372868792 9.263841475152509E-4 4.5954601849323105
-1.2661230541141588 9.885690546470418E-4 4.552711950372597
-1.2601927353595257 0.0010546079925151785 4.510163473918303
-1.2542624166048926 0.0011247169888800833 4.467814755569428
-1.2483320978502594 0.0011991226381398296 4.425665795325973
-1.2424017790956263 0.0012780625195581072 4.383716593187936
-1.2364714603409936 0.0013617856260072 4.341967149155322
-1.2305411415863605 0.0014505528031152097 4.300417463228124
-1.2246108228317274 0.0015446371986766354 4.259067535406345
-1.2186805040770943 0.0016443247221536435 4.217917365689985
-1.2127501853224611 0.0017499145140619625 4.176966954079045
-1.206819866567828 0.0018617194250002682 4.136216300573524
-1.200889547813195 0.001980066504045174 4.095665405173422
-1.1949592290585622 0.0021052974961955346 4.055314267878742
-1.189028910303929 0.0022377693485096783 4.015162888689479
-1.183098591549296 0.0023778547245374318 3.9752112676056353
-1.1771682727946629 0.0025259425266053737 3.93545940462721
-1.1712379540400297 0.0026824384254687137 3.8959072997542044
-1.1653076352853966 0.002847765396796516 3.8565549529866177
-1.1593773165307635 0.0030223642639087274 3.8174023643244506
-1.1534469977761308 0.0032066942461336703 3.7784495337677053
-1.1475166790214977 0.003401233512103353 3.739696461316376
-1.1415863602668646 0.0036064797372511582 3.701143146970467
-1.1356560415122314 0.003822950664722363 3.662789590729976
-1.1297257227575983 0.004051184668852391 3.624635792594905
-1.1237954040029652 0.004291741320311012 3.5866817525652532
-1.117865085248332 0.004545201951952763 3.54892747064102
-1.111934766493699 0.004812170224354887 3.5113729468222066
-1.1060044477390663 0.005093272689964153 3.474018181108815
-1.1000741289844331 0.005389159354713035 3.43686317350084
-1.0941438102298 0.005700504235904243 3.3999079239982843
-1.0882134914751669 0.00602800591510034 3.3631524326011473
-1.0822831727205338 0.006372388084692582 3.32659669930943
-1.0763528539659006 0.006734400086760081 3.2902407241231315
-1.0704225352112675 0.007114817442767284 3.254084507042253
-1.0644922164566348 0.007514442372584551 3.2181280480667955
-1.0585618977020017 0.007934104301253695 3.182371347196755
-1.0526315789473686 0.008374660351857648 3.1468144044321336
-1.0467012601927355 0.008836995822791436 3.1114572197729315
-1.0407709414381023 0.009322024647670285 3.0762997932191487
-1.0348406226834692 0.0098306898360504 3.041342124770785
-1.028910303928836 0.010363963893078785 3.0065842144278405
-1.0229799851742034 0.010922849216130896 2.9720260621903183
-1.0170496664195703 0.011508378466438774 2.937667668058212
-1.0111193476649372 0.012121614913658332 2.903509032031525
-1.005189028910304 0.012763652751272527 2.8695501541102577
-0.9992587101556709 0.013435617380677679 2.8357910342944095
-0.9933283914010378 0.01413866566175347 2.80223167258398
-0.9873980726464047 0.014873986127673397 2.76887206897897
-0.981467753891772 0.015642799161672022 2.735712223479382
-0.9755374351371389 0.01644635713344833 2.7027521360852105
-0.9696071163825057 0.017285944492851528 2.6699918067964585
-0.9636767976278726 0.01816287781846665 2.6374312356131253
-0.9577464788732395 0.01907850581869287 2.6050704225352113
-0.9518161601186064 0.02003420928288759 2.572909367562717
-0.9458858413639732 0.021031400980134694 2.5409480706956415
-0.9399555226093406 0.022071525503186005 2.5091865319339877
-0.9340252038547074 0.023156059055121095 2.4776247512777507
-0.9280948851000743 0.024286509176272817 2.446262728726933
-0.9221645663454412 0.025464414408974345 2.4151004642815344
-0.9162342475908081 0.026691343897698155 2.3841379579415554
-0.910303928836175 0.02796889692217921 2.3533752097069955
-0.9043736100815418 0.029298702361143205 2.3228122195778544
-0.8984432913269091 0.03068241808429653 2.292448987554135
-0.892512972572276 0.032121730270278474 2.262285513635833
-0.8865826538176429 0.033618352648327084 2.2323217978229497
-0.8806523350630098 0.03517402566146992 2.2025578401154857
-0.8747220163083766 0.03679051554911795 2.172993640513441
-0.8687916975537435 0.038469613347017526 2.1436291990168157
-0.8628613787991104 0.04021313380259946 2.114464515625609
-0.8569310600444777 0.04202291420385789 2.085499590339824
-0.8510007412898446 0.04390081311999419 2.0567344231594564
-0.8450704225352115 0.045848709052172 2.028169014084508
-0.8391401037805784 0.047868498992850825 1.9998033631149785
-0.8332097850259452 0.04996209689229475 1.9716374702508683
-0.8272794662713121 0.052131432030992304 1.9436713354921773
-0.821349147516679 0.05437844729687173 1.9159049588389057
-0.8154188287620463 0.05670509736635368 1.8883383402910552
-0.8094885100074132 0.059113346788450156 1.8609714798486219
-0.80355819125278 0.061605167971295116 1.833804377511608
-0.7976278724981469 0.06418253907067684 1.806837033280013
-0.7916975537435138 0.06684744178033691 1.7800694471538376
-0.7857672349888807 0.06960185902400362 1.753501619133081
-0.7798369162342476 0.07244777254933926 1.727133549217744
-0.7739065974796144 0.0753871604242012 1.700965237407826
-0.7679762787249818 0.07842199443584452 1.6749966837033292
-0.7620459599703486 0.08155423739393065 1.6492278881042497
-0.7561156412157155 0.08478584033844982 1.6236588506105896
-0.7501853224610824 0.08811873965391584 1.5982895712223482
-0.7442550037064493 0.0915548540914499 1.5731200499395264
-0.7383246849518161 0.09509608170063281 1.5481502867621237
-0.732394366197183 0.09874429667327618 1.5233802816901403
-0.7264640474425503 0.10250134610153627 1.498810034723578
-0.7205337286879172 0.10636904665307557 1.474439545862433
-0.7146034099332841 0.11034918116625952 1.4502688151067071
-0.708673091178651 0.11444349516866384 1.426297842456401
-0.7027427724240178 0.11865369332245773 1.4025266279115136
-0.6968124536693847 0.12298143580052043 1.3789551714720454
-0.6908821349147516 0.1274283345974419 1.3555834731379965
-0.6849518161601189 0.1319959497798535 1.3324115329093686
-0.6790214974054858 0.13668578568082687 1.3094393507861581
-0.6730911786508527 0.1414992870433749 1.286666926768367
-0.6671608598962195 0.14643783511837663 1.264094260855995
-0.6612305411415864 0.15150274372253947 1.2417213530490423
-0.6553002223869533 0.15669525526229466 1.219548203347509
-0.6493699036323202 0.16201653672980385 1.1975748117513945
-0.6434395848776875 0.16746767567752854 1.175801178260701
-0.6375092661230544 0.17304967617808276 1.154227302875425
-0.6315789473684212 0.1787634547763509 1.1328531855955686
-0.6256486286137881 0.18460983644110457 1.111678826421131
-0.619718309859155 0.19058955052359605 1.0907042253521129
-0.6137879911045219 0.1967032267308388 1.0699293823885139
-0.6078576723498887 0.2029513911215071 1.049354297530334
-0.6019273535952561 0.20933446213259616 1.0289789707775752
-0.5959970348406229 0.21585274664518012 1.0088034021302337
-0.5900667160859898 0.22250643609778675 0.9888275915883116
-0.5841363973313567 0.22929560265607482 0.9690515391518087
-0.5782060785767236 0.23622019544764933 0.9494752448207251
-0.5722757598220904 0.2432800368709846 0.9300987085950607
-0.5663454410674573 0.25047481898753793 0.9109219304748154
-0.5604151223128246 0.2578041000062363 0.8919449104599908
-0.5544848035581915 0.26526730086959144 0.8731676485505842
-0.5485544848035584 0.2728637019507572 0.8545901447465964
-0.5426241660489253 0.2805924398708776 0.8362123990480282
-0.5366938472942921 0.2884525044460856 0.8180344114548791
-0.530763528539659 0.2964427357735039 0.8000561819671491
-0.5248332097850259 0.30456182146556526 0.7822777105848384
-0.5189028910303932 0.312808294041913 0.7646989973079484
-0.5129725722757601 0.3211805284880608 0.7473200421364762
-0.507042253521127 0.32967673998988467 0.7301408450704231
-0.5011119347664938 0.33829498185288787 0.7131614061097894
-0.4951816160118607 0.34703314361502335 0.6963817252545748
-0.4892512972572276 0.3558889493616751 0.6798018025047794
-0.4833209785025945 0.36485995625118955 0.6634216378604033
-0.4773906597479618 0.3739435532591152 0.6472412313214476
-0.4714603409933287 0.38313696014904636 0.6312605828879099
-0.46553002223869555 0.3924372266776796 0.6154796925597914
-0.4595997034840624 0.4018412320413781 0.5998985603370922
-0.4536693847294293 0.41134568457120163 0.5845171862198122
-0.4477390659747962 0.42094712168299364 0.5693355702079514
-0.44180874722016306 0.43064191008872865 0.5543537123015099
-0.4358784284655304 0.44042624627490945 0.5395716125004886
-0.42994810971089725 0.45029615725336475 0.5249892708048853
-0.42401779095626413 0.4602475015893368 0.5106066872147015
-0.418087472201631 0.47027597071126603 0.4964238617299368
-0.4121571534469979 0.4803770905061714 0.4824407943505913
-0.40622683469236476 0.4905462232040011 0.4686574850766651
-0.40029651593773163 0.500778569553779 0.455073933908158
-0.39436619718309895 0.5110691712938106 0.44169014084507124
-0.38843587842846583 0.5214129139176243 0.4285061058874026
-0.3825055596738327 0.5318045297367286 0.4155218290351532
-0.3765752409191996 0.5422386012406486 0.4027373102883231
-0.37064492216456646 0.5527095647540768 0.39015254964691215
-0.36471460340993334 0.5632117143903357 0.3777675471109204
-0.3587842846553002 0.5737392062996903 0.3655823026803479
-0.3528539659006671 0.5842860632103991 0.35359681635519474
-0.3469236471460344 0.594846179259712 0.34181108813546157
-0.3409933283914013 0.6054133251113586 0.33022511802114674
-0.33506300963676816 0.6159811533553875 0.3188389060122511
-0.32913269088213504 0.6265432041855358 0.30765245210877473
-0.3232023721275019 0.6370929113486301 0.29666575631071757
-0.3172720533728688 0.6476236083598387 0.2858788186180797
-0.31134173461823567 0.6581285349769164 0.27529163903086096
-0.305411415863603 0.6686008439259163 0.26490421754906224
-0.29948109710896986 0.6790336078701736 0.25471655417268196
-0.29355077835433674 0.689419826613717 0.24472864890172089
-0.2876204595997036 0.6997524345296116 0.23494050173617906
-0.2816901408450705 0.7100243082031161 0.22535211267605643
-0.27575982209043737 0.7202282742789113 0.21596348172135305
-0.26982950333580424 0.7303571175010616 0.20677460887206886
-0.26389918458117156 0.7404035889337924 0.19778549412820462
-0.25796886582653844 0.7503604143506039 0.18899613748975888
-0.2520385470719053 0.7602203027787039 0.18040653895673234
-0.2461082283172722 0.7699759551852309 0.17201669852912507
-0.24017790956263907 0.7796200732912489 0.163826616206937
-0.23424759080800595 0.78914536849904 0.15583629199016816
-0.22831727205337282 0.798544570917785 0.14804572587881853
-0.22238695329874014 0.8078104384723271 0.14045491787288872
-0.21645663454410702 0.8169357660793478 0.13306386797237754
-0.2105263157894739 0.8259133948749444 0.12587257617728556
-0.20459599703484077 0.8347362214773095 0.11888104248761283
-0.19866567828020765 0.8433972072679448 0.1120892669033593
-0.19273535952557452 0.8518893876746174 0.105497249424525
-0.1868050407709414 0.8602058814390874 0.09910499005110993
-0.18087472201630872 0.8683398998524807 0.09291248878311455
-0.1749444032616756 0.8762847559410833 0.0869197456205379
-0.16901408450704247 0.8840338735852601 0.08112676056338049
-0.16308376575240935 0.8915807965541876 0.07553353361164229
-0.15715344699777622 0.8989191974390983 0.07014006476532332
-0.1512231282431431 0.9060428864678033 0.06494635402442357
-0.14529280948850998 0.9129458201833587 0.059952401388943054
-0.1393624907338773 0.9196221099698911 0.0551582068588821
-0.13343217197924417 0.9260660304087824 0.050563770434240006
-0.12750185322461105 0.9322720274486486 0.04616909211501713
-0.12157153446997793 0.9382347263728189 0.04197417190121348
-0.1156412157153448 0.9439489395483366 0.03797900979282906
-0.10971089696071168 0.9494096739408617 0.03418360578986386
-0.10378057820607856 0.9546121383802483 0.03058795989231788
-0.09785025945144588 0.9595517505620074 0.027192072100191377
-0.09191994069681275 0.9642241437703433 0.02399594241348383
-0.08598962194217963 0.9686251733089607 0.020999570832195502
-0.0800593031875465 0.9727509226263893 0.0182029573563264
-0.07412898443291338 0.9765977091231592 0.015606101985876523
-0.06819866567828026 0.9801620896287762 0.013209004720845869
-0.06226834692364713 0.9834408655370924 0.011011665561234438
-0.056338028169014454 0.9864310875893584 0.009014084507042372
-0.05040770941438133 0.989130060294939 0.007216261558269371
-0.044477390659748206 0.9915353459804208 0.0056181967149155935
-0.03854707190511508 0.9936447684585976 0.004219889976981039
-0.03261675315048196 0.9954564163095994 0.0030213413444657084
-0.026686434395848835 0.996968645767246 0.0020225508173696
-0.02075611564121571 0.9981800832045195 0.0012235183956927152
-0.014825796886582587 0.9990896272128951 6.242440794350534E-4
-0.008895478131949908 0.9996964502711262 2.247278685966372E-4
-0.002965159377316784 0.9999999999999429 2.4969763177406624E-5
0.00296515937731634 1.0 2.496976317739915E-5
0.00889547813194902 0.9996964502712973 2.2472786859659233E-4
0.014825796886582587 0.9990896272131802 6.242440794350534E-4
0.020756115641215267 0.9981800832049187 0.001223518395692663
0.026686434395848835 0.9969686457677593 0.0020225508173696
0.032616753150481514 0.9954564163102264 0.0030213413444656256
0.03854707190511508 0.9936447684593384 0.004219889976981039
0.04447739065974776 0.9915353459812751 0.005618196714915482
0.05040770941438044 0.9891300602959063 0.007216261558269116
0.05633802816901401 0.986431087590439 0.00901408450704223
0.06226834692364669 0.9834408655382857 0.01101166556123428
0.06819866567828026 0.980162089630082 0.013209004720845869
0.07412898443291294 0.9765977091245771 0.015606101985876336
0.0800593031875465 0.9727509226279186 0.0182029573563264
0.08598962194217918 0.9686251733106008 0.020999570832195284
0.09191994069681186 0.9642241437720939 0.023995942413483365
0.09785025945144543 0.9595517505638678 0.027192072100191124
0.10378057820607811 0.9546121383822177 0.03058795989231762
0.10971089696071168 0.9494096739429396 0.03418360578986386
0.11564121571534436 0.9439489395505224 0.03797900979282877
0.12157153446997793 0.938234726375112 0.04197417190121348
0.1275018532246106 0.9322720274510486 0.04616909211501682
0.13343217197924329 0.9260660304112888 0.050563770434239326
0.13936249073387685 0.9196221099725032 0.05515820685888175
0.14529280948850953 0.9129458201860761 0.059952401388942686
0.1512231282431431 0.9060428864706255 0.06494635402442357
0.15715344699777578 0.8989191974420245 0.07014006476532293
0.16308376575240935 0.8915807965572171 0.07553353361164229
0.16901408450704203 0.8840338735883921 0.08112676056338006
0.1749444032616747 0.8762847559443174 0.08691974562053703
0.18087472201630828 0.8683398998558163 0.0929124887831141
0.18680504077094096 0.8602058814425234 0.09910499005110945
0.19273535952557452 0.8518893876781533 0.105497249424525
0.1986656782802072 0.8433972072715796 0.11208926690335881
0.20459599703484077 0.8347362214810425 0.11888104248761283
0.21052631578947345 0.8259133948787748 0.12587257617728503
0.21645663454410702 0.816935766083275 0.13306386797237754
0.2223869532987397 0.8078104384763504 0.14045491787288816
0.22831727205337238 0.7985445709219037 0.14804572587881798
0.23424759080800595 0.7891453685032535 0.15583629199016816
0.24017790956263863 0.7796200732955564 0.16382661620693642
0.2461082283172722 0.769975955189485 0.17201669852912507
0.2520385470719049 0.760220302782904 0.18040653895673173
0.25796886582653844 0.7503604143547494 0.18899613748975888
0.2638991845811711 0.7404035889378828 0.19778549412820393
0.2698295033358038 0.7303571175050964 0.2067746088720682
0.27575982209043737 0.7202282742828899 0.21596348172135305
0.28169014084507005 0.7100243082070382 0.2253521126760557
0.2876204595997036 0.6997524345334767 0.23494050173617906
0.2935507783543363 0.689419826617525 0.24472864890172014
0.29948109710896986 0.6790336078739243 0.25471655417268196
0.30541141586360254 0.6686008439296093 0.26490421754906146
0.3113417346182352 0.6581285349805516 0.2752916390308602
0.3172720533728688 0.6476236083634158 0.2858788186180797
0.32320237212750147 0.6370929113521491 0.2966657563107168
0.32913269088213504 0.6265432041889964 0.30765245210877473
0.3350630096367677 0.6159811533587899 0.3188389060122503
0.3409933283914013 0.6054133251147026 0.33022511802114674
0.34692364714603396 0.5948461792629977 0.3418110881354607
0.35285396590066664 0.5842860632136264 0.3535968163551938
0.3587842846553002 0.5737392063028594 0.3655823026803479
0.3647146034099329 0.5632117143934465 0.3777675471109196
0.37064492216456646 0.5527095647571297 0.39015254964691215
0.37657524091919914 0.5422386012436435 0.4027373102883221
0.3825055596738327 0.5318045297396661 0.4155218290351532
0.3884358784284654 0.5214129139205044 0.4285061058874016
0.39436619718309807 0.5110691712966334 0.44169014084506925
0.40029651593773163 0.500778569556545 0.455073933908158
0.4062268346923643 0.4905462232067106 0.46865748507666405
0.4121571534469979 0.4803770905088247 0.4824407943505913
0.41808747220163056 0.47027597071386357 0.49642386172993574
0.42401779095626413 0.4602475015918789 0.5106066872147015
0.4299481097108968 0.4502961572558519 0.5249892708048843
0.4358784284655295 0.44042624627734206 0.5395716125004864
0.44180874722016306 0.43064191009110725 0.5543537123015099
0.44773906597479574 0.4209471216853187 0.5693355702079502
0.4536693847294293 0.41134568457347365 0.5845171862198122
0.459599703484062 0.4018412320435976 0.599898560337091
0.46553002223869555 0.39243722667984726 0.6154796925597914
0.47146034099332823 0.3831369601511626 0.6312605828879088
0.4773906597479609 0.3739435532611806 0.6472412313214452
0.4833209785025945 0.36485995625320483 0.6634216378604033
0.48925129725722716 0.3558889493636408 0.6798018025047782
0.4951816160118607 0.34703314361694015 0.6963817252545748
0.5011119347664934 0.3382949818547564 0.7131614061097882
0.507042253521127 0.3296767399917056 0.7301408450704231
0.5129725722757597 0.32118052848983486 0.7473200421364748
0.5189028910303923 0.3128082940436408 0.7646989973079458
0.5248332097850259 0.30456182146724753 0.7822777105848384
0.5307635285396586 0.29644273577514124 0.8000561819671479
0.5366938472942921 0.28845250444767884 0.8180344114548791
0.5426241660489248 0.28059243987242743 0.8362123990480268
0.5485544848035584 0.27286370195226434 0.8545901447465964
0.5544848035581911 0.2652673008710566 0.8731676485505827
0.5604151223128238 0.2578041000076603 0.8919449104599879
0.5663454410674573 0.25047481898892143 0.9109219304748154
0.57227575982209 0.24328003687232833 0.9300987085950593
0.5782060785767236 0.23622019544895406 0.9494752448207251
0.5841363973313562 0.2292956026573413 0.9690515391518073
0.5900667160859898 0.22250643609901571 0.9888275915883116
0.5959970348406225 0.21585274664637236 1.0088034021302323
0.6019273535952552 0.20933446213375237 1.028978970777572
0.6078576723498887 0.20295139112262806 1.049354297530334
0.6137879911045214 0.19670322673192525 1.0699293823885123
0.619718309859155 0.19058955052464874 1.0907042253521129
0.6256486286137877 0.18460983644212425 1.1116788264211295
0.6315789473684212 0.17876345477733827 1.1328531855955686
0.6375092661230539 0.17304967617903858 1.1542273028754235
0.6434395848776866 0.16746767567845353 1.1758011782606979
0.6493699036323202 0.1620165367306987 1.1975748117513945
0.6553002223869528 0.15669525526316014 1.2195482033475071
0.6612305411415864 0.1515027437233763 1.2417213530490423
0.6671608598962191 0.14643783511918546 1.2640942608559933
0.6730911786508527 0.14149928704415643 1.286666926768367
0.6790214974054853 0.13668578568158185 1.3094393507861564
0.684951816160118 0.13199594978058254 1.332411532909365
0.6908821349147516 0.12742833459814573 1.3555834731379965
0.6968124536693843 0.12298143580119968 1.3789551714720436
0.7027427724240178 0.11865369332311307 1.4025266279115136
0.7086730911786505 0.11444349516929593 1.426297842456399
0.7146034099332841 0.11034918116686901 1.4502688151067071
0.7205337286879168 0.10636904665366308 1.4744395458624313
0.7264640474425494 0.10250134610210242 1.4988100347235744
0.732394366197183 0.09874429667382158 1.5233802816901403
0.7383246849518157 0.09509608170115805 1.5481502867621217
0.7442550037064493 0.09155485409195557 1.5731200499395264
0.7501853224610819 0.08811873965440253 1.5982895712223462
0.7561156412157155 0.0847858403389181 1.6236588506105896
0.7620459599703482 0.08155423739438111 1.649227888104248
0.7679762787249809 0.07842199443627766 1.6749966837033254
0.7739065974796144 0.07538716042461757 1.700965237407826
0.7798369162342471 0.07244777254973941 1.7271335492177418
0.7857672349888807 0.06960185902438804 1.753501619133081
0.7916975537435134 0.06684744178070612 1.7800694471538354
0.7976278724981469 0.06418253907103132 1.806837033280013
0.8035581912527796 0.06160516797163537 1.8338043775116057
0.8094885100074123 0.059113346788776645 1.860971479848618
0.8154188287620459 0.05670509736666686 1.8883383402910534
0.8213491475166785 0.054378447297172075 1.9159049588389037
0.8272794662713121 0.05213143203128023 1.9436713354921773
0.8332097850259448 0.04996209689257069 1.9716374702508663
0.8391401037805784 0.0478684989931152 1.9998033631149785
0.845070422535211 0.04584870905242522 2.0281690140845057
0.8510007412898437 0.04390081312023665 2.0567344231594524
0.8569310600444773 0.04202291420408998 2.0854995903398224
0.86286137879911 0.040213133802821543 2.114464515625607
0.8687916975537435 0.03846961334722999 2.1436291990168157
0.8747220163083762 0.03679051554932113 2.1729936405134387
0.8806523350630098 0.03517402566166417 2.2025578401154857
0.8865826538176425 0.03361835264851275 2.2323217978229475
0.8925129725722751 0.03212173027045587 2.2622855136358284
0.8984432913269087 0.030682418084465982 2.292448987554133
0.9043736100815414 0.029298702361305006 2.322812219577852
0.910303928836175 0.02796889692233367 2.3533752097069955
0.9162342475908076 0.026691343897845558 2.384137957941553
0.9221645663454412 0.02546441440911497 2.4151004642815344
0.9280948851000739 0.024286509176406935 2.4462627287269307
0.9340252038547074 0.02315605905524897 2.4776247512777507
0.9399555226093401 0.02207152550330789 2.509186531933985
0.9458858413639728 0.021031400980250834 2.5409480706956393
0.9518161601186064 0.02003420928299822 2.572909367562717
0.957746478873239 0.01907850581879822 2.605070422535209
0.9636767976278726 0.018162877818566944 2.6374312356131253
0.9696071163825053 0.01728594449294698 2.669991806796456
0.9755374351371389 0.016446357133539143 2.7027521360852105
0.9814677538917715 0.015642799161758397 2.73571222347938
0.9873980726464042 0.014873986127755525 2.768872068978968
0.9933283914010378 0.014138665661831537 2.80223167258398
0.9992587101556705 0.013435617380751863 2.835791034294407
1.005189028910304 0.012763652751342999 2.8695501541102577
1.0111193476649367 0.012121614913725258 2.903509032031523
1.0170496664195703 0.011508378466502314 2.937667668058212
1.022979985174203 0.0109228492161912 2.9720260621903156
1.0289103039288356 0.010363963893136001 3.006584214427838
1.0348406226834692 0.00983068983610467 3.041342124770785
1.040770941438102 0.009322024647721746 3.076299793219146
1.0467012601927355 0.008836995822840218 3.1114572197729315
1.0526315789473681 0.008374660351903877 3.1468144044321313
1.0585618977020017 0.007934104301297491 3.182371347196755
1.0644922164566344 0.007514442372626029 3.218128048066793
1.070422535211267 0.007114817442806554 3.25408450704225
1.0763528539659006 0.006734400086797251 3.2902407241231315
1.0822831727205333 0.0063723880847277505 3.326596699309427
1.0882134914751669 0.006028005915133607 3.3631524326011473
1.0941438102297996 0.005700504235935701 3.3999079239982812
1.1000741289844331 0.0053891593547427735 3.43686317350084
1.1060044477390658 0.005093272689992258 3.4740181811088124
1.1119347664936985 0.004812170224381441 3.5113729468222044
1.117865085248332 0.004545201951977842 3.54892747064102
1.1237954040029647 0.004291741320334691 3.58668175256525
1.1297257227575983 0.004051184668874742 3.624635792594905
1.135656041512231 0.003822950664743454 3.6627895907299735
1.1415863602668646 0.003606479737271054 3.701143146970467
1.1475166790214972 0.0034012335121221156 3.7396964613163735
1.15344699777613 0.0032066942461513592 3.778449533767699
1.1593773165307635 0.0030223642639253985 3.8174023643244506
1.1653076352853962 0.0028477653968122236 3.8565549529866145
1.1712379540400297 0.0026824384254835088 3.8959072997542044
1.1771682727946624 0.0025259425266193052 3.9354594046272067
1.183098591549296 0.002377854724550546 3.9752112676056353
1.1890289103039287 0.0022377693485220195 4.015162888689476
1.1949592290585613 0.002105297496207145 4.055314267878737
1.200889547813195 0.001980066504056094 4.095665405173422
1.2068198665678276 0.0018617194250105352 4.136216300573521
1.2127501853224611 0.001749914514071613 4.176966954079045
1.2186805040770938 0.0016443247221627115 4.217917365689982
1.2246108228317274 0.0015446371986851538 4.259067535406345
1.23054114158636 0.0014505528031232093 4.30041746322812
1.2364714603409928 0.00136178562601471 4.341967149155315
1.2424017790956263 0.001278062519565156 4.383716593187936
1.248332097850259 0.0011991226381464432 4.425665795325969
1.2542624166048926 0.0011247169888862864 4.467814755569428
1.2601927353595253 0.001054607992520995 4.5101634739183
1.2661230541141588 9.88569054652494E-4 4.552711950372597
1.2720533728687915 9.263841475203603E-4 4.595460184932307
1.2779836916234242 8.67847402371109E-4 4.6384081775974355
1.2839140103780577 8.127627124800357E-4 4.681555928367992
1.2898443291326904 7.609433468555321E-4 4.724903437243959
1.295774647887324 7.122115746319375E-4 4.768450704225352
1.3017049666419567 6.663983001346283E-4 4.8121977293121585
1.3076352853965902 6.233427085801324E-4 4.8561445125043905
1.313565604151223 5.828919223545844E-4 4.900291053802035
1.3194959229058556 5.449006677957166E-4 4.944637353205098
1.3254262416604892 5.092309523868266E-4 4.989183410713588
1.3313565604151218 4.7575175225569123E-4 5.033929226327491
1.3372868791697554 4.443387098571828E-4 5.078874800046818
1.343217197924388 4.148738417053463E-4 5.124020131871559
1.3491475166790217 3.8724525600885716E-4 5.169365221801725
1.3550778354336543 3.6134688005306793E-4 5.2149100698373045
1.361008154188287 3.370781971622074E-4 5.260654675978302
1.3669384729429206 3.1434399306669373E-4 5.306599040224727
1.3728687916975533 2.930541114928901E-4 5.352743162576563
1.3787991104521868 2.7312321878594835E-4 5.399087043033826
1.3847294292068195 2.544705773705893E-4 5.445630681596501
1.390659747961453 2.3701982784972515E-4 5.492374078264602
1.3965900667160858 2.2069877953668438E-4 5.5393172330381155
1.4025203854707184 2.0543920921341964E-4 5.586460145917048
1.408450704225352 1.91176667904416E-4 5.633802816901407
1.4143810229799847 1.778502954540256E-4 5.681345245991178
1.4203113417346183 1.654026426936042E-4 5.729087433186376
1.426241660489251 1.537795009840613E-4 5.7770293784869855
1.4321719792438845 1.4292973891923363E-4 5.8251710818930205
1.4381022979985172 1.3280514597580027E-4 5.873512543404469
1.4440326167531499 1.2336028289625266E-4 5.922053763021336
1.4499629355077834 1.1455233859266566E-4 5.97079474074363
1.4558932542624161 1.0634099336066398E-4 6.019735476571335
1.4618235730170497 9.868828819499821E-5 6.068875970504467
1.4677538917716824 9.155850000051284E-5 6.118216222543011
1.473684210526316 8.491802249496802E-5 6.167756232686982
1.4796145292809486 7.87352526031403E-5 6.217496000936364
1.4855448480355813 7.298048214484926E-5 6.267435527291165
1.4914751667902149 6.762579462300469E-5 6.317574811751393
1.4974054855448475 6.264496692142229E-5 6.367913854317034
1.503335804299481 5.801337572598678E-5 6.4184526549881
1.5092661230541138 5.370790848672919E-5 6.469191213764579
1.5151964418087474 4.9706878742505764E-5 6.520129530646484
1.52112676056338 4.5989945634201026E-5 6.571267605633801
1.5270570793180127 4.2538037436705217E-5 6.622605438726537
1.5329873980726463 3.9333278944320656E-5 6.674143029924699
1.538917716827279 3.6358922548713366E-5 6.725880379228274
1.5448480355819125 3.3599282853030414E-5 6.777817486637275
1.5507783543365452 3.1039674670335114E-5 6.829954352151687
1.5567086730911788 2.866635425905667E-5 6.882290975771528
1.5626389918458115 2.6466463652696162E-5 6.934827357496779
1.5685693106004441 2.442797794556369E-5 6.987563497327449
1.5744996293550777 2.2539655400832674E-5 7.040499395263547
1.5804299481097104 2.0790990251674882E-5 7.093635051305056
1.586360266864344 1.917216807067578E-5 7.146970465451992
1.5922905856189766 1.7674023587115345E-5 7.200505637704338
1.5982209043736102 1.6288000836026754E-5 7.254240568062113
1.6041512231282429 1.500611552720793E-5 7.308175256525299
1.6100815418828756 1.3820919526552403E-5 7.362309703093903
1.6160118606375091 1.2725467346180855E-5 7.416643907767935
1.6219421793921418 1.1713284543888383E-5 7.471177870547379
1.6278724981467754 1.0778337936370616E-5 7.52591159143225
1.633802816901408 9.915007534550867E-6 7.580845070422532
1.6397331356560416 9.11806011309736E-6 7.635978307518241
1.6456634544106743 8.382624329891681E-6 7.69131130271936
1.651593773165307 7.704167314784846E-6 7.7468440560259
1.6575240919199405 7.078472650454283E-6 7.802576567437866
1.6634544106745732 6.501619671552218E-6 7.858508836955244
1.6693847294292068 5.9699640116126585E-6 7.9146408645780495
1.6753150481838395 5.480119330359943E-6 7.9709726503062655
1.681245366938473 5.028940157136524E-6 8.02750419413991
1.6871756856931057 4.613505789141448E-6 8.084235496078964
1.6931060044477384 4.231105186044297E-6 8.141166556123437
1.699036323202372 3.879222805312963E-6 8.19829737427334
1.7049666419570046 3.5555253252683603E-6 8.25562795052865
1.7108969607116382 3.2578492054562997E-6 8.313158284889392
1.716827279466271 2.9841890364074684E-6 8.370888377355541
1.7227575982209045 2.73268663324247E-6 8.42881822792712
1.7286879169755371 2.501620829871565E-6 8.48694783660411
1.7346182357301707 2.289397932740237E-6 8.545277203386526
1.7405485544848034 2.094542795183557E-6 8.603806328274354
1.746478873239436 1.9156904754768207E-6 8.6625352112676
1.7524091919940696 1.7515784436090045E-6 8.721463852366274
1.7583395107487023 1.601039303661428E-6 8.78059225157036
1.7642698295033359 1.4629940004489E-6 8.839920408879873
1.7702001482579686 1.336445480776739E-6 8.899448324294795
1.7761304670126021 1.2204727812867893E-6 8.959175997815148
1.7820607857672348 1.1142255164111192E-6 9.019103429440909
1.7879911045218675 1.016918741425961E-6 9.07923061917209
1.793921423276501 9.278281670028532E-7 9.1395575670087
1.7998517420311337 8.46285702991303E-7 9.200084272950718
1.8057820607857673 7.716753104399117E-7 9.260810736998167
1.8117123795404 7.034291420731076E-7 9.321736959151025
1.8176426982950336 6.410239525907276E-7 9.38286293940931
1.8235730170496662 5.839777612499546E-7 9.444188677773006
1.829503335804299 5.318467502257567E-7 9.505714174242122
1.8354336545589325 4.842223832292575E-7 9.567439428816666
1.8413639733135652 4.4072872979547913E-7 9.62936444149662
1.8472942920681987 4.010199815348337E-7 9.691489212282002
1.8532246108228314 3.6477814747861127E-7 9.753813741172795
1.859154929577465 3.3171091643959494E-7 9.816338028169016
1.8650852483320977 3.015496750567607E-7 9.879062073270646
1.8710155670867303 2.7404767089974546E-7 9.941985876477696
1.876945885841364 2.489783106762355E-7 10.005109437790175
1.8828762045959966 2.2613358421546753E-7 10.068432757208063
1.8888065233506302 2.0532260549539089E-7 10.13195583473138
1.8947368421052628 1.863702625414218E-7 10.195678670360106
1.9006671608598964 1.6911596855276503E-7 10.259601264094263
1.906597479614529 1.534125071095752E-7 10.323723615933828
1.9125277983691618 1.3912496478231063E-7 10.388045725878811
1.9184581171237953 1.261297449049661E-7 10.452567593929224
1.924388435878428 1.1431365668788178E-7 10.517289220085047
1.9303187546330616 1.0357307423486925E-7 10.5822106043463
1.9362490733876943 9.381316039478958E-8 10.64733174671296
1.9421793921423278 8.49471507207084E-8 10.71265264718505
1.9481097108969605 7.689569313154931E-8 10.77817330576255
1.9540400296515932 6.958623917291687E-8 10.843893722445468
1.9599703484062267 6.295248305656593E-8 10.909813897233818
1.9659006671608594 5.6933844922907375E-8 10.975933830127575
1.971830985915493 5.147499501896614E-8 11.04225352112676
1.9777613046701257 4.652541571630247E-8 11.108772970231357
1.9836916234247592 4.2038998510486134E-8 11.175492177441381
1.989621942179392 3.797367334664346E-8 11.242411142756815
1.9955522609340246 3.429106780520743E-8 11.309529866177668
2.001482579688658 3.095619385907604E-8 11.37684834770395
2.007412898443291 2.79371600786715E-8 11.444366587335642
2.0133432171979244 2.5204907315601382E-8 11.512084585072763
2.019273535952557 2.2732966039424736E-8 11.580002340915293
2.0252038547071907 2.0497233636058034E-8 11.648119854863253
2.0311341734618233 1.8475770101221674E-8 11.71643712691662
2.037064492216456 1.6648610678598176E-8 11.784954157075408
2.0429948109710896 1.4997594100588087E-8 11.853670945339626
2.0489251297257223 1.3506205190219133E-8 11.922587491709253
2.054855448480356 1.2159430676370462E-8 11.991703796184307
2.0607857672349885 1.0943627161470624E-8 12.061019858764773
2.066716085989622 9.846400261645238E-9 12.130535679450665
2.0726464047442548 8.856494014330898E-9 12.200251258241968
2.0785767234988874 7.963689718017135E-9 12.270166595138692
2.084507042253521 7.1587134333857724E-9 12.340281690140843
2.0904373610081537 6.433151435023945E-9 12.410596543248403
2.0963676797627873 5.7793729584096986E-9 12.481111154461393
2.10229799851742 5.190459638305091E-9 12.551825523779794
2.1082283172720535 4.660141082320062E-9 12.622739651203622
2.114158636026686 4.182736067493131E-9 12.693853536732858
2.120088954781319 3.753098888517656E-9 12.765167180367516
2.1260192735359524 3.366570423955231E-9 12.836680582107602
2.131949592290585 3.0189335216361715E-9 12.908393741953098
2.1378799110452187 2.706372336652846E-9 12.980306659904022
2.1438102297998514 2.4254352850933666E-9 13.052419335960355
2.149740548554485 2.173001304117374E-9 13.12473177012212
2.1556708673091176 1.9462491343070956E-9 13.197243962389292
2.1616011860637503 1.7426293635894444E-9 13.269955912761882
2.167531504818384 1.5598389935622863E-9 13.342867621239902
2.1734618235730165 1.3957983089040727E-9 13.415979087823333
2.17939214232765 1.2486298488257772E-9 13.48929031251219
2.185322461082283 1.1166392963537632E-9 13.562801295306459
2.1912527798369164 9.982981167202645E-10 13.636512036206158
2.197183098591549 8.922277903853961E-10 13.710422535211263
2.2031134173461817 7.971854993148484E-10 13.784532792321789
2.2090437361008153 7.120511371778582E-10 13.858842807537746
2.214974054855448 6.358155251917382E-10 13.93335258085911
2.2209043736100815 5.675697254974425E-10 14.008062112285904
2.226834692364714 5.064953532752022E-10 14.082971401818105
2.2327650111193478 4.518557973650135E-10 14.158080449455737
2.2386953298739805 4.029882670037654E-10 14.233389255198778
2.244625648628613 3.592965894847958E-10 14.308897819047239
2.2505559673832467 3.2024469013822E-10 14.384606141001129
2.2564862861378794 2.853506920692791E-10 14.460514221060428
2.262416604892513 2.541815786213976E-10 14.536622059225156
2.2683469236471456 2.2634836659151592E-10 14.612929655495291
2.274277242401779 2.015017428553621E-10 14.689437009870861
2.280207561156412 1.7932812129458097E-10 14.766144122351834
2.2861378799110446 1.5954608078829753E-10 14.84305099293823
2.292068198665678 1.4190314856853357E-10 14.920157621630054
2.297998517420311 1.2617289646938747E-10 14.997464008427286
2.3039288361749444 1.121523205493683E-10 15.07497015332995
2.309859154929577 9.965947725809157E-11 15.152676056338022
2.3157894736842106 8.853135177421353E-11 15.230581717451523
2.3217197924388433 7.862193638081476E-11 15.308687136670434
2.327650111193476 6.980049878567638E-11 15.386992313994764
2.3335804299481095 6.195002215380161E-11 15.465497249424521
2.3395107487027422 5.496580031354864E-11 15.54420194295969
2.345441067457376 4.875417314003702E-11 15.623106394600287
2.3513713862120085 4.323138852309704E-11 15.702210604346295
2.357301704966642 3.832257860391154E-11 15.781514572197729
2.3632320237212747 3.396083912563401E-11 15.861018298154574
2.3691623424759074 3.00864017987261E-11 15.940721782216837
2.375092661230541 2.6645890540782924E-11 16.020625024384533
2.3810229799851736 2.3591653321669338E-11 16.100728024657634
2.386953298739807 2.088116213563503E-11 16.181030783036167
2.39288361749444 1.847647433981231E-11 16.261533299520107
2.3988139362490735 1.6343749249631872E-11 16.342235574109477
2.404744255003706 1.4452814472167882E-11 16.423137606804254
2.410674573758339 1.2776776993684663E-11 16.504239397604454
2.4166048925129724 1.129167452267759E-11 16.585540946510083
2.422535211267605 9.976163029024833E-12 16.667042253521117
2.4284655300222386 8.811236817644743E-12 16.748743318637587
2.4343958487768713 7.779977835075309E-12 16.83064414185946
2.440326167531505 6.867331233114812E-12 16.912744723186766
2.4462564862861376 6.059904508240173E-12 16.99504506261948
2.452186805040771 5.345787801826949E-12 17.077545160157623
2.458117123795404 4.714393186852674E-12 17.160245015801177
2.4640474425500365 4.15631098416012E-12 17.243144629550148
2.46997776130467 3.663181347662443E-12 17.326244001404547
2.4759080800593027 3.22757953506596E-12 17.409543131364355
2.4818383988139363 2.8429134405680073E-12 17.493042019429595
2.487768717568569 2.5033321101932324E-12 17.576740665600244
2.4936990363232026 2.2036440904491748E-12 17.660639069876325
2.4996293550778352 1.9392445781624354E-12 17.74473723225781
2.505559673832468 1.7060504449274785E-12 17.829035152744712
2.5114899925871015 1.5004423046752565E-12 17.91353283133705
2.517420311341734 1.3192128784594541E-12 17.998230268034796
2.5233506300963677 1.159520987581196E-12 18.08312746283797
2.5292809488510004 1.018850575460023E-12 18.16822441574655
2.535211267605634 8.949742209632837E-13 18.253521126760564
2.5411415863602667 7.85920661910433E-13 18.339017595879987
2.5470719051148993 6.899458977911892E-13 18.424713823104824
2.553002223869533 6.055074859365315E-13 18.510609808435095
2.5589325426241656 5.312416859653682E-13 18.596705551870773
2.564862861378799 4.659431437551282E-13 18.683001053411886
2.570793180133432 4.085468388654335E-13 18.7694963130584
2.5767234988880654 3.5811204865437455E-13 18.856191330810347
2.582653817642698 3.138081086045611E-13 18.943086106667703
2.5885841363973308 2.7490177192607793E-13 19.030180640630476
2.5945144551519643 2.4074599260104034E-13 19.117474932698684
2.600444773906597 2.1076997492798364E-13 19.204968982872295
2.6063750926612306 1.84470349537809E-13 19.29266279115134
2.6123054114158633 1.6140335098835627E-13 19.38055635753579
2.618235730170497 1.411778855838081E-13 19.468649682025674
2.6241660489251295 1.234493901719208E-13 19.556942764620963
2.630096367679762 1.0791439349406655E-13 19.645435605321673
2.6360266864343957 9.43057013330387E-14 19.734128204127813
2.6419570051890284 8.23881353409757E-14 19.82302056103936
2.647887323943662 7.195476314202415E-14 19.912112676056335
2.6538176426982947 6.282356418804761E-14 20.001404549178723
2.6597479614529282 5.483448198756517E-14 20.09089618040654
2.665678280207561 4.784681880610712E-14 20.180587569739764
2.6716085989621936 4.1736933820272296E-14 20.270478717178406
2.677538917716827 3.6396210060765996E-14 20.360569622722483
2.68346923647146 3.1729259357923145E-14 20.450860286371963
2.6893995552260934 2.7652337957203415E-14 20.541350708126878
2.695329873980726 2.4091948547170933E-14 20.632040887987195
2.7012601927353597 2.0983607179124106E-14 20.72293082595295
2.7071905114899923 1.8270755992170436E-14 20.814020522024105
2.713120830244625 1.5903804822693383E-14 20.905309976200684
2.7190511489992586 1.3839286701962921E-14 20.996799188482694
2.7249814677538913 1.2039113956159398E-14 21.08848815887011
2.730911786508525 1.0469923142618221E-14 21.180376887362957
2.7368421052631575 9.102498405496508E-15 21.27246537396121
2.742772424017791 7.911264031930692E-15 21.3647536186649
2.7487027427724238 6.8738380527283725E-15 21.45724162147399
2.7546330615270564 5.970639674569099E-15 21.549929382388502
2.76056338028169 5.18454416683312E-15 21.642816901408448
2.7664936990363227 4.50057956736163E-15 21.735904178533797
2.7724240177909563 3.905660228225306E-15 21.82919121376458
2.778354336545589 3.388352804344607E-15 21.92267800710077
2.7842846553002225 2.9386708029468747E-15 22.01636455854239
2.790214974054855 2.547894267828533E-15 22.11025086808942
2.796145292809488 2.2084115758649627E-15 22.204336935741864
2.8020756115641214 1.9135806800951067E-15 22.298622761499743
2.808005930318754 1.6576074492696826E-15 22.39310834536303
2.8139362490733877 1.4354390326761719E-15 22.487793687331745
2.8198665678280204 1.2426704255064241E-15 22.582678787405868
2.825796886582654 1.0754626277164976E-15 22.677763645585422
2.8317272053372866 9.304709815331426E-16 22.773048261870386
2.8376575240919193 8.047824424090543E-16 22.86853263626077
2.843587842846553 6.958606879137954E-16 22.96421676875658
2.8495181616011855 6.014981010713851E-16 23.0601006593578
2.855448480355819 5.197737810614306E-16 23.15618430806445
2.861378799110452 4.490168367995954E-16 23.25246771487651
2.8673091178650854 3.877743093108337E-16 23.348950879794003
2.873239436619718 3.347831484280188E-16 23.445633802816896
2.8791697553743507 2.8894573944974834E-16 23.54251648394521
2.8851000741289843 2.4930853709027903E-16 23.63959892317896
2.891030392883617 2.1504341833959289E-16 23.736881120518113
2.8969607116382505 1.8543141359664187E-16 23.8343630759627
2.902891030392883 1.5984851741697344E-16 23.93204478951269
2.9088213491475168 1.3775331711078928E-16 24.029926261168114
2.9147516679021495 1.1867620984319324E-16 24.128007490928944
2.920681986656782 1.0221000735872529E-16 24.226288478795198
2.9266123054114157 8.800175244868058E-17 24.32476922476688
2.9325426241660484 7.574559321836936E-17 24.423449728843966
2.938472942920682 6.517658045968818E-17 24.52232999102649
2.9444032616753146 5.606527031617403E-17 24.621410011314413
2.950333580429948 4.82130292288555E-17 24.720689789707777
2.956263899184581 4.1447951123600336E-17 24.82016932620654
2.9621942179392136 3.5621308166269824E-17 24.919848620810722
2.968124536693847 3.060446636636818E-17 25.019727673520343
2.97405485544848 2.6286206025207827E-17 25.119806484335363
2.9799851742031134 2.257039465246814E-17 25.220085053255822
2.985915492957746 1.9373966648771997E-17 25.32056338028168
2.9918458117123796 1.6625169888852866E-17 25.421241465412976
2.9977761304670123 1.4262044443183058E-17 25.52211930864968
3.003706449221645 1.2231103136243905E-17 25.623196909991798
3.0096367679762785 1.048618753660004E-17 25.724474269439348
3.0155670867309112 8.987476377559034E-18 25.825951386992305
3.021497405485545 7.700626378883436E-18 25.927628262650693
3.0274277242401775 6.596028033689907E-18 26.029504896414487
3.033358042994811 5.648161187622299E-18 26.131581288283716
3.0392883617494437 4.8350372111078485E-18 26.233857438258354
3.0452186805040764 4.137716286369678E-18 26.336333346338403
3.05114899925871 3.539889830750233E-18 26.439009012523893
3.0570793180133427 3.0275193847247728E-18 26.541884436814783
3.063009636767976 2.588524431207986E-18 26.644959619211107
3.068939955522609 2.212512603790165E-18 26.748234559712838
3.0748702742772425 1.8905466041190092E-18 26.851709258320003
3.080800593031875 1.6149428991598579E-18 26.95538371503257
3.086730911786508 1.3790979218550422E-18 27.059257929850556
3.0926612305411414 1.1773380662925275E-18 27.163331902773983
3.098591549295774 1.0047902618349814E-18 27.267605633802802
3.1045218680504076 8.572703393182928E-19 27.372079122937066
3.1104521868050403 7.311867747561684E-19 27.47675237017673
3.116382505559674 6.234577192761814E-19 27.58162537552183
3.1223128243143066 5.3143950462508975E-19 27.68669813897233
3.1282431430689392 4.52865057067459E-19 27.79197066052825
3.134173461823573 3.857908637011611E-19 27.89744294018961
3.1401037805782055 3.2855131834474923E-19 28.00311497795637
3.146034099332839 2.797194328908679E-19 28.108986773828562
3.1519644180874717 2.380730375686456E-19 28.21505832780616
3.1578947368421053 2.025657127044188E-19 28.321329639889196
3.163825055596738 1.723017977409247E-19 28.42780071007763
3.1697553743513707 1.4651491258183172E-19 28.534471538371488
3.1756856931060042 1.2454950360782793E-19 28.64134212477078
3.181616011860637 1.0584499355943579E-19 28.748412469275475
3.1875463306152705 8.992217228833973E-20 28.855682571885602
3.193476649369903 7.637151534939787E-20 28.963152432601138
3.1994069681245367 6.484316058721066E-20 29.070822051422102
3.2053372868791694 5.503831017372281E-20 29.17869142834848
3.211267605633802 4.6701857766296524E-20 29.286760563380266
3.2171979243884357 3.9616068264004277E-20 29.39502945651749
3.2231282431430683 3.3595161637659225E-20 29.50349810776012
3.229058561897702 2.8480673011453127E-20 29.612166517108186
3.2349888806523346 2.413747902747627E-20 29.72103468456165
3.240919199406968 2.0450395915683987E-20 29.830102610120555
3.246849518161601 1.7321267956095175E-20 29.939370293784858
3.2527798369162344 1.466647644724484E-20 30.048837735554603
3.258710155670867 1.2414809136237833E-20 30.15850493542975
3.2646404744254998 1.050563853839288E-20 30.268371893410308
3.2705707931801333 8.887364866306533E-21 30.37843860949631
3.276501111934766 7.516085561646397E-21 30.488705083687712
3.2824314306893996 6.354458818499825E-21 30.59917131598455
3.2883617494440323 5.370733125958969E-21 30.70983730638679
3.294292068198666 4.537918844582362E-21 30.820703054894466
3.3002223869532985 3.8330812568908705E-21 30.931768561507543
3.306152705707931 3.236737474200442E-21 31.043033826226043
3.3120830244625648 2.7323421082220747E-21 31.154498849049975
3.3180133432171974 2.3058487840639406E-21 31.26616362997931
3.323943661971831 1.945336431638184E-21 31.378028169014083
3.3298739807264637 1.640690888174043E-21 31.490092466154255
3.3358042994810972 1.383333712762297E-21 31.602356521399866
3.34173461823573 1.1659912866368878E-21 31.71482033475088
3.3476649369903626 9.824982778174381E-22 31.827483906207316
3.353595255744996 8.27630409528591E-22 31.940347235769185
3.359525574499629 6.969622089012875E-22 32.05341032343645
3.3654558932542624 5.867460434124852E-22 32.16667316920916
3.371386212008895 4.938092924354576E-22 32.28013577308727
3.3773165307635287 4.1546696313257965E-22 32.39379813507081
3.3832468495181613 3.494474548784573E-22 32.50766025515976
3.389177168272794 2.938295140316414E-22 32.621722133354126
3.3951074870274276 2.469887094017341E-22 32.735983769653934
3.4010378057820603 2.0755200524373805E-22 32.85044516405913
3.406968124536694 1.7435921910896654E-22 32.96510631656978
3.4128984432913265 1.4643033158583778E-22 33.079967227185826
3.41882876204596 1.2293776832784187E-22 33.1950278959073
3.4247590808005928 1.0318290560688426E-22 33.31028832273418
3.4306893995552254 8.657616221850281E-23 33.42574850766648
3.436619718309859 7.262013570225102E-23 33.54140845070422
3.4425500370644917 6.089532192418843E-23 33.65726815184736
3.4484803558191253 5.1048026151711726E-23 33.77332761109594
3.454410674573758 4.2780132590295327E-23 33.889586828449914
3.4603409933283915 3.584044944938544E-23 34.00604580390933
3.466271312083024 3.001738924521342E-23 34.12270453747414
3.472201630837657 2.5132780329575618E-23 34.239563029144385
3.4781319495922904 2.103663649377348E-23 34.35662127892005
3.484062268346923 1.760273773719779E-23 34.47387928680113
3.4899925871015567 1.4724897594650245E-23 34.59133705278764
3.4959229058561894 1.2313811369412122E-23 34.708994576879554
3.501853224610823 1.0294395718588065E-23 34.8268518590769
3.5077835433654556 8.60354370841072E-24 34.94490889937965
3.5137138621200883 7.188231062407602E-24 35.06316569778782
3.519644180874722 6.003919173530163E-24 35.18162225430142
3.5255744996293545 5.013208805759791E-24 35.30027856892043
3.531504818383988 4.184705495561209E-24 35.41913464164488
3.537435137138621 3.492063669780844E-24 35.538190472474724
3.5433654558932544 2.913181586711592E-24 35.65744606141001
3.549295774647887 2.4295235193636455E-24 35.7769014084507
3.5552260934025197 2.025549252136147E-24 35.8965565135968
3.5611564121571533 1.6882340541137623E-24 36.01641137684834
3.567086730911786 1.4066649091538639E-24 36.13646599820529
3.5730170496664195 1.1717009970469177E-24 36.25672037766766
3.578947368421052 9.756882927110652E-25 36.377174515235446
3.584877687175686 8.122197337505638E-25 36.49782841090867
3.5908080059303185 6.759337450189798E-25 36.618682064687285
3.596738324684951 5.623450396350376E-25 36.73973547657132
3.6026686434395847 4.6770257105918745E-25 36.8609886465608
3.6085989621942174 3.8887031736848406E-25 36.98244157465568
3.614529280948851 3.232272596693442E-25 37.104094260855994
3.6204595997034836 2.685834910715597E-25 37.22594670516171
3.626389918458117 2.2310987725577587E-25 37.34799890757286
3.63232023721275 1.8527909832598185E-25 37.470250868089416
3.6382505559673826 1.538162461377035E-25 37.59270258671139
3.644180874722016 1.2765744160896898E-25 37.7153540634388
3.650111193476649 1.059151810958828E-25 37.83820529827161
3.6560415122312824 8.784932688679805E-26 37.961256291209864
3.661971830985915 7.284283027430452E-26 38.084507042253506
3.6679021497405486 6.038142160370096E-26 38.2079575514026
3.6738324684951813 5.0036624480156277E-26 38.33160781865708
3.679762787249814 4.14515545844611E-26 38.45545784401699
3.6856931060044476 3.432905037248325E-26 38.57950762748234
3.6916234247590802 2.8421755910142154E-26 38.703757169053084
3.697553743513714 2.3523837412545538E-26 38.82820646872927
3.7034840622683465 1.94640665589011E-26 38.95285552651086
3.70941438102298 1.6100046900422542E-26 39.07770434239788
3.7153446997776127 1.331339597864352E-26 39.2027529163903
3.7212750185322454 1.100572623177965E-26 39.32800124848814
3.727205337286879 9.095293318173965E-27 39.45344933869142
3.7331356560415117 7.514201912469473E-27 39.5790971870001
3.739065974796145 6.2060769919428534E-27 39.70494479341422
3.744996293550778 5.1241236827458815E-27 39.83099215793374
3.7509266123054115 4.229511345778298E-27 39.957239280558696
3.756856931060044 3.490028142376298E-27 40.08368616128906
3.762787249814677 2.8789611611551427E-27 40.21033280012483
3.7687175685693104 2.3741645866785976E-27 40.33717919706605
3.774647887323943 1.9572845812451912E-27 40.46422535211266
3.7805782060785766 1.6131147287339529E-27 40.591471265264715
3.7865085248332093 1.3290602184720384E-27 40.71891693652217
3.792438843587843 1.094692565381553E-27 40.84656236588506
3.7983691623424756 9.013796859270993E-28 40.97440755335335
3.8042994810971082 7.419786746453077E-28 41.102452498927065
3.810229799851742 6.1058073463575725E-28 41.230697202606216
3.8161601186063745 5.02299475501123E-28 41.35914166439076
3.822090437361008 4.130952609575076E-28 41.48778588428075
3.8280207561156407 3.396295135279959E-28 41.61662986227614
3.8339510748702743 2.7914390543230293E-28 41.74567359837696
3.839881393624907 2.2936021651197277E-28 41.87491709258319
3.8458117123795397 1.8839734982859408E-28 42.004360344894835
3.8517420311341732 1.5470258689831806E-28 42.13400335531192
3.857672349888806 1.2699465699185061E-28 42.263846123834405
3.8636026686434395 1.0421660492761955E-28 42.39388865046233
3.869532987398072 8.54967830138098E-29 42.52413093519565
3.8754633061527057 7.011657669292157E-29 42.65457297803441
3.8813936249073384 5.748370956303291E-29 42.78521477897857
3.887323943661971 4.7110169766506966E-29 42.91605633802815
3.8932542624166047 3.8593962902505107E-29 43.04709765518317
3.8991845811712373 3.1604032183599625E-29 43.17833873044359
3.905114899925871 2.5867799145877345E-29 43.30977956380944
3.9110452186805036 2.1160871692428396E-29 43.4414201552807
3.916975537435137 1.7298543814621872E-29 43.5732605048574
3.92290585618977 1.4128775669196558E-29 43.70530061253949
3.9288361749444025 1.1526396018277745E-29 43.83754047832701
3.934766493699036 9.388313215616522E-30 43.96998010221996
3.9406968124536688 7.629557484406338E-30 44.102619484218316
3.9466271312083023 6.180007457397204E-30 44.235458624322106
3.952557449962935 4.981678897701948E-30 44.36849752253129
3.9584877687175686 3.986474064898574E-30 44.501736178845924
3.9644180874722013 3.154307058789862E-30 44.63517459326596
3.970348406226835 2.451534256696458E-30 44.768812765791424
3.9762787249814675 1.8496301448974933E-30 44.90265069642229
3.9822090437361 1.3240578238562694E-30 45.03668838515858
3.9881393624907338 8.532905539885414E-31 45.17092583200031
3.9940696812453664 4.179461488796541E-31 45.30536303694743
4.0 0.0 0.0
