acetylene|C2H2|4|3|C|2.5369|-0.25|-0.6|0.0|0.0|C|3.403|0.25|0.6|0.0|0.0|H|2.0|-0.56|-1.665|0.0|-1.0E-4|H|3.9399|0.56|1.665|0.0|1.0E-4|1|2|3|1|3|1|2|4|1|6326
ammonia|H3N|4|3|N|2.5369|0.155|0.0|0.0|0.0|H|3.0739|0.465|-0.4417|0.2906|0.8711|H|2.0|0.465|0.7256|0.6896|-0.1907|H|2.5369|-0.465|0.4875|-0.8701|0.2089|1|2|1|1|3|1|1|4|1|222
borane|BH3|4|3|B|2.5369|0.155|2.5369|0.155|0.0|H|3.0739|0.465|3.0739|0.465|0.0|H|2.0|0.465|2.0|0.465|0.0|H|2.5369|-0.465|2.5369|-0.465|0.0|1|2|1|1|3|1|1|4|1|6331
carbon dioxide|CO2|3|2|O|3.732|0.5|-1.197|0.0|0.0|O|2.0|-0.5|1.197|0.0|0.0|C|2.866|0.0|0.0|0.0|0.0|1|3|2|2|3|2|280
carbon monoxide|CO|2|1|O|3.0|0.0|0.5285|0.0|0.0|C|2.0|0.0|-0.5285|0.0|0.0|1|2|3|281
chloromethane|CH3Cl|5|4|Cl|2.0|0.0|0.8836|0.0|0.0|C|3.0|0.0|-0.8836|0.0|0.0|H|3.0|-0.62|-1.2405|-0.6985|0.76|H|3.62|0.0|-1.2405|1.0074|0.2249|H|3.0|0.62|-1.2406|-0.3089|-0.9849|1|2|1|2|3|1|2|4|1|2|5|1|6327
ethylene|C2H4|6|5|C|2.0|0.0|-0.6672|0.0|0.0|C|3.0|0.0|0.6672|0.0|0.0|H|1.69|0.5369|-1.2213|-0.929|0.0708|H|1.69|-0.5369|-1.2212|0.929|-0.0708|H|3.31|-0.5369|1.2213|0.929|-0.0708|H|3.31|0.5369|1.2213|-0.929|0.0708|1|2|2|1|3|1|1|4|1|2|5|1|2|6|1|6325
fluoromethane|CH3F|5|4|F|2.0|0.0|0.6783|0.0|0.0|C|3.0|0.0|-0.6783|0.0|0.0|H|3.0|-0.62|-1.0293|0.464|0.9239|H|3.62|0.0|-1.0293|0.5681|-0.8639|H|3.0|0.62|-1.0293|-1.0322|-0.0601|1|2|1|2|3|1|2|4|1|2|5|1|11638
formaldehyde|CH2O|4|3|O|3.403|0.56|0.6123|0.0|0.0|C|2.5369|0.06|-0.6123|0.0|0.0|H|2.0|0.37|-1.2|0.2426|-0.8998|H|2.5369|-0.56|-1.2|-0.2424|0.8998|1|2|2|2|3|1|2|4|1|712
hydrogen cyanide|CHN|3|2|N|3.403|0.405|-0.58|0.0|0.0|C|2.5369|-0.095|0.58|0.0|0.0|H|2.0|-0.405|1.645|0.0|0.0|1|2|3|2|3|1|768
hydrogen peroxide|H2O2|4|3|O|2.5369|-0.25|0.7247|0.0|0.0|O|3.403|0.25|-0.7247|0.0|0.0|H|2.0|0.06|0.8233|-0.7|-0.6676|H|3.9399|-0.06|-0.8233|-0.6175|0.7446|1|2|1|1|3|1|2|4|1|784
hydrogen sulfide|H2S|3|2|S|2.5369|-0.155|0.0|0.0|0.0|H|3.0739|0.155|0.4855|1.2232|0.2576|H|2.0|0.155|0.8868|-0.2325|-0.9787|1|2|1|1|3|1|402
methane|CH4|5|4|C|2.5369|0.0|0.0|0.0|0.0|H|3.0739|0.31|0.5541|0.7996|0.4965|H|2.0|-0.31|0.6833|-0.8134|-0.2536|H|2.2269|0.5369|-0.7782|-0.3735|0.6692|H|2.8469|-0.5369|-0.4593|0.3874|-0.9121|1|2|1|1|3|1|1|4|1|1|5|1|297
molecular chlorine|Cl2|2|1|Cl|2.0|0.0|-1.0061|0.0|0.0|Cl|3.0|0.0|1.0061|0.0|0.0|1|2|1|24526
molecular fluorine|F2|2|1|F|2.0|0.0|2.0|0.0|0.0|F|3.0|0.0|3.0|0.0|0.0|1|2|1|24524
molecular hydrogen|H2|2|1|H|2.0|0.0|2.0|0.0|0.0|H|3.0|0.0|3.0|0.0|0.0|1|2|1|783
molecular nitrogen|N2|2|1|N|2.0|0.0|-0.556|0.0|0.0|N|3.0|0.0|0.556|0.0|0.0|1|2|3|947
molecular oxygen|O2|2|1|O|2.0|0.0|-0.616|0.0|0.0|O|3.0|0.0|0.616|0.0|0.0|1|2|2|977
nitric oxide|NO|2|1|O|3.0|0.0|3.0|0.0|0.0|N|2.0|0.0|2.0|0.0|0.0|1|2|2|145068
nitrous oxide|N2O|3|2|O|3.732|0.5|1.3063|0.0|0.0|N|2.866|0.0|-0.1096|0.0|0.0|N|2.0|-0.5|-1.1967|0.0|0.0|1|2|1|2|3|3|948
ozone|O3|3|2|O|2.866|-0.25|-0.095|-0.4943|0.0|O|2.0|0.25|1.1489|0.2152|0.0|O|3.732|0.25|-1.054|0.2791|0.0|1|2|1|1|3|2|24823
phosphine|H3P|4|3|P|2.5369|0.155|0.0|0.0|0.0|H|3.0739|0.465|-0.6323|0.513|1.1573|H|2.0|0.465|1.2032|0.7159|0.2052|H|2.5369|-0.465|0.461|-1.1757|0.6383|1|2|1|1|3|1|1|4|1|24404
silane|H4Si|5|4|Si|2.5369|0.0|0.0|0.0|0.0|H|3.0739|0.31|0.9385|0.9654|0.6265|H|2.0|-0.31|0.7506|-1.2008|-0.4472|H|2.2269|0.5369|-1.0315|-0.4013|0.99|H|2.8469|-0.5369|-0.6575|0.6367|-1.1694|1|2|1|1|3|1|1|4|1|1|5|1|23953
sulfur dioxide|O2S|3|2|S|2.866|0.0|0.0|-0.5774|0.0|O|3.732|0.5|1.3091|0.2887|0.0|O|2.0|-0.5|-1.3091|0.2887|0.0|1|2|2|1|3|2|1119
trifluoroborane|BF3|4|3|F|3.732|0.75|3.732|0.75|0.0|F|2.0|0.75|2.0|0.75|0.0|F|2.866|-0.75|2.866|-0.75|0.0|B|2.866|0.25|2.866|0.25|0.0|1|4|1|2|4|1|3|4|1|6356
water|H2O|3|2|O|2.5369|-0.155|0.0|0.0|0.0|H|3.0739|0.155|0.2774|0.8929|0.2544|H|2.0|0.155|0.6068|-0.2383|-0.7169|1|2|1|1|3|1|962