
434230
434231
434232
434233
434234
554273
434235
434236
434237
554274
434238
434239
434240
434241
434242
554274<record>
434243
554275
434244
434245
434246
434247
434248
434249
434250
434251
434252
434253
434254
434255
434256
434257
434258
434259
434260
434261
434262
434263
434264
434265
434266
434267
554276
434268
434269
434270
434271
434272
434273
434274
434275
434276
434277
434278
434279
434280
434281
434282
434283
434284
554277
434285
434286
434287
434288
434289
434290
434291
554241<record>
434292
434293
434294
434295
434296
434297
554278
434298
434299
434300
434301
434302
434303
434304
554278<record>
434305
434306
554279
434307
434308
434309
434310
434311
434312
434313
434314
554275<record>
434315
434316
434317
554280
434318
434319
434320
434321
554281
434322
434323
434324
434325
434326
434327
434328
434329
434330
434331
434332
434333
434334
434335
434336
434337
434338
434339
434340
434341
434342
434343
434344
434345
434346
434347
434348
434349
554282
554283
434350
554284
434351
434352
434353
434354
434355
554285
434356
434357
434358
554286
554287
434359
434360
554288
434361
434362
434363
434364
434365
434366
434367
434368
434369
434370
434371
434372
434373
554289
434374
434375
434376
554290
554291
434377
434378
434379
434380
434381
434382
434383
434384
434385
554291<record>
554292
434386
434387
434388
434389
434390
434391
434392
434393
434394
554059<record>
434395
434396
554293
434397
434398
434399
434400
554294
434401
434402
434403
554295
554296
434404
434405
434406
434407
434408
434409
434410
434411
434412
434413
434414
434415
554297
554298
434416
554292<record>
434417
434418
554299
554299<record>
434419
434420
554300
434421
434422
434423
554301
434424
554302
554303
554304
554305
434425
434426
434427
434428
434429
554306
554307
434430
434431
434432
434433
434434
434435
434436
434437
434438
554308
434439
434440
434441
434442
434443
434444
434445
434446
434447
434448
434449
434450
434451
434452
434453
434454
434455
554286<record>
434456
434457
554309
434458
434459
434460
554306<record>
434461
434462
434463
554185<record>
434464
434465
554310
434466
434467
554311
434468
554312
434469
554300<record>
434470
434471
434472
554288<record>
434473
554313
434474
434475
434476
434477
434478
434479
554313<record>
434480
434481
434482
554314
434483
434484
434485
434486
434487
554315
554316
434488
434489
434490
434491
434492
554171<record>
434493
434494
434495
434496
434497
434498
554317
434499
434500
554318
434501
554319
434502
434503
554320
434504
434505
434506
434507
554320<record>
434508
434509
434510
434511
434512
434513
434514
554321
434515
434516
434517
434518
434519
434520
434521
434522
434523
554293<record>
434524
434525
434526
434527
434528
434529
434530
434531
434532
434533
434534
434535
434536
434537
434538
434539
554322
434540
434541
434542
434543
434544
434545
434546
434547
434548
554323
554324
434549
434550
434551
434552
434553
434554
434555
434556
434557
434558
434559
434560
434561
434562
434563
434564
434565
434566
434567
434568
434569
434570
434571
434572
434573
554324<record>
434574
434575
434576
554325
434577
554325<record>
434578
434579
434580
554310<record>
554326
434581
554295<record>
434582
434583
434584
434585
434586
434587
434588
554327
434589
434590
434591
434592
434593
434594
434595
434596
434597
434598
554328
434599
434600
434601
434602
554329
434603
554328<record>
434604
434605
434606
434607
434608
434609
434610
434611
554330
434612
434613
434614
434615
434616
434617
434618
434619
434620
434621
434622
434623
434624
434625
434626
434627
553659<record>
434628
553668<record>
434629
434630
554331
554331<record>
434631
434632
434633
434634
434635
554297<record>
434636
434637
434638
434639
434640
434641
434642
434643
434644
434645
434646
434647
434648
434649
434650
554332
434651
434652
434653
434654
434655
434656
434657
434658
434659
434660
434661
434662
434663
554333
434664
434665
434666
434667
434668
434669
434670
434671
434672
434673
434674
434675
434676
434677
434678
434679
554327<record>
434680
434681
434682
434683
554105<record>
434684
554334
434685
434686
434687
553843<record>
434688
434689
434690
553368<record>
434691
554335
434692
434693
554335<record>
434694
434695
434696
434697
434698
554336
554337
434699
434700
434701
434702
434703
434704
434705
554338
434706
434707
434708
554339
434709
434710
554006<record>
554340
554341
434711
434712
434713
554342
434714
554343
554344
434715
434716
434717
434718
434719
434720
434721
434722
434723
554183<record>
434724
434725
434726
434727
434728
434729
434730
434731
434732
554345
554346
434733
434734
434735
434736
554347
434737
434738
434739
434740
434741
434742
434743
554338<record>
434744
554348
554349
434745
434746
554343<record>
434747
434748
434749
434750
434751
434752
554337<record>
434753
434754
434755
554350
554350<record>
554351
554352
434756
554353
434757
434758
434759
434760
434761
554354
434762
434763
554355
434764
434765
434766
434767
554356
434768
434769
434770
434771
434772
434773
434774
434775
554357
554358
554359
434776
554360
434777
434778
434779
434780
434781
434782
434783
434784
434785
434786
434787
434788
434789
434790
434791
554361
434792
434793
434794
434795
434796
434797
434798
434799
434800
554356<record>
434801
434802
434803
554362
434804
554363
434805
434806
554364
434807
434808
434809
554363<record>
554365
434810
434811
434812
434813
434814
434815
434816
434817
434818
434819
434820
434821
554360<record>
434822
434823
554358<record>
434824
434825
434826
434827
434828
434829
434830
434831
434832
434833
434834
434835
434836
554366
434837
434838
434839
434840
434841
434842
434843
434844
434845
434846
434847
434848
434849
554367
434850
434851
434852
434853
434854
554368
434855
434856
434857
434858
434859
434860
434861
434862
434863
434864
434865
554369
434866
554370
554371
434867
434868
434869
434870
434871
554124<record>
434872
434873
554372
434874
554373
434875
434876
434877
434878
434879
434880
434881
434882
434883
434884
434885
554374
434886
434887
434888
434889
434890
434891
554375
554352<record>
554376
434892
434893
434894
434895
434896
434897
554377
434898
434899
434900
554378
434901
434902
434903
434904
434905
434906
434907
434908
434909
554379
434910
434911
554342<record>
434912
554380
434913
434914
434915
434916
554378<record>
434917
434918
434919
434920
434921
434922
434923
434924
434925
554381
434926
434927
434928
434929
554382
434930
434931
434932
434933
434934
434935
434936
434937
434938
434939
434940
554383
554384
554385
434941
434942
554386
434943
434944
434945
434946
434947
434948
434949
434950
434951
434952
434953
434954
434955
434956
434957
434958
434959
434960
434961
554387
434962
434963
434964
434965
434966
434967
554387<record>
434968
434969
434970
554382<record>
434971
554388
554389
434972
554388<record>
434973
554390
554391
434974
554392
434975
434976
434977
434978
434979
434980
434981
434982
434983
434984
434985
554379<record>
434986
434987
434988
434989
434990
434991
554371<record>
554393
434992
434993
434994
434995
434996
434997
434998
434999
435000
435001
435002
435003
435004
435005
435006
554394
554395
554396
554394<record>
435007
435008
554397
435009
435010
435011
435012
435013
435014
435015
435016
435017
435018
435019
435020
435021
435022
435023
435024
435025
435026
435027
554398
435028
435029
435030
435031
435032
435033
435034
435035
435036
554399
435037
435038
435039
435040
435041
435042
554400
435043
435044
435045
554401
435046
554386<record>
435047
554381<record>
435048
435051
435052
435053
435054
435055
435056
554400<record>
554402
435057
435058
435059
435060
435061
554374<record>
554403
554404
435062
554403<record>
435063
435064
435065
435066
435067
435068
435069
554405
554406
435070
554407
435071
554408
554409
554410
435072
435073
435074
435075
435076
435077
554411
435078
554412
435079
554413
435080
554414
435081
435082
554415
554416
435083
554417
554418
554419
435084
554416<record>
435085
435086
435087
435088
435089
435090
435091
435092
435093
435094
435095
435096
435097
554420
435098
435099
435100
435101
435102
435103
435104
435105
435106
554421
554422
435107
554422<record>
435108
435109
435110
435111
435112
435113
554423
435114
435115
554424
554425
435116
554426
435117
435118
435119
435120
435121
435122
435123
554427
435124
435125
435126
435127
435128
554426<record>
554428
435129
435130
554429
554430
554431
554432
435131
435132
435133
435134
435135
435136
435137
435138
435139
435140
435141
435142
435143
435144
435145
554389<record>
435146
435147
435148
435149
435150
435151
435152
435153
554429<record>
435154
554433
435155
435156
435157
435158
554434
435159
435160
435161
554431<record>
435162
554434<record>
435163
435164
435165
435166
435167
435168
136426<record>
435169
435170
435171
435172
435173
554435
435174
435175
435176
554436
435177
435178
435179
435180
435181
435182
435183
554437
435184
435185
435186
435187
554438
435188
435189
435190
435191
435192
435193
435194
435195
435196
435197
435198
435199
435200
435201
435202
435203
435204
435205
554436<record>
435206
554439
435207
554440
554441
435208
554442
435209
435210
435211
435212
435213
435214
435215
554443
435216
554444
435217
435218
554445
435219
435220
435221
435222
435223
435224
554446
435225
435226
435227
435228
435229
554447
435230
554448
435231
435232
554449
554450
435233
435234
435235
554451
435236
554452
435237
554452<record>
435238
435239
435240
435241
435242
435243
435244
554453
435245
435246
435247
435248
435249
435250
435251
435252
435253
435254
435255
435256
554454
435257
435258
435259
435260
435261
435262
435263
435264
554455
554456
554457
435265
435266
435267
435268
554458
435269
435270
554459
435271
435272
435273
554459<record>
554460
554461
554462
554463
435274
554464
435275
435276
435277
435278
435279
554462<record>
554463<record>
435280
554433<record>
554451<record>
435281
435282
435283
435284
554465
435285
435286
553754<record>
153220<record>
435287
435288
435289
435290
554466
554419<record>
435291
435292
553435<record>
515244<record>
554467
554468
435293
435294
435295
554469
435296
554465<record>
435297
554470
435298
435299
435300
435301
435302
435303
554471
554472
435304
554473
435305
435306
435307
435308
554471<record>
554474
435309
554475
435310
435311
554476
435312
435313
554477
435314
435315
435316
554478
435317
435318
435319
435320
435321
435322
435323
435324
435325
435326
435327
435328
435329
435330
435331
435332
435333
435334
554474<record>
435335
435336
435337
435338
554454<record>
554457<record>
435339
554479
554480
435340
554481
435341
554482
435342
435344
554483
435345
435346
435347
554483<record>
435348
435349
435350
435351
435352
435353
435354
435355
435356
435357
435358
435359
435360
435361
435362
435363
435364
554484
435365
435366
435367
435368
554361<record>
435369
554467<record>
435370
554485
554486
554487
554488
435371
435372
554139<record>
435373
435374
435375
554397<record>
435376
435377
554489
554490
435378
435379
435380
435381
435382
554405<record>
435383
435384
435385
435386
435387
435388
435389
435390
435391
435392
554491
435393
435394
435395
554492
435396
435397
435398
435399
435400
435401
435402
554493
435403
554493<record>
554461<record>
435404
435405
435406
435407
435408
435409
435410
435411
435412
435413
435414
435415
435416
435417
435418
435419
554494
435420
435421
435422
435423
435424
435425
554495
435426
435427
435428
435429
554496
435430
435431
435432
435433
435434
435435
435436
554497
435437
435438
435439
435440
435441
435442
435443
554486<record>
554476<record>
435444
554321<record>
554498
435445
554498<record>
554499
554499<record>
554500
435446
554500<record>
435447
435448
554501
435449
435450
435451
435452
435453
435454
435455
435456
435457
435458
435459
435460
554502
554503
435461
435462
435463
435464
435465
435466
435467
435468
435469
435470
435471
435472
554504
435473
435474
435475
435476
435477
435478
554505
554506
554507
435479
435480
435481
435482
435483
435484
435485
435486
435487
435488
435489
435490
435491
435493
435494
435495
554508
554509
554510
554511
435496
435497
435498
435499
435500
435501
435502
554512
435503
435504
554512<record>
435505
435506
435507
435508
554513
435509
435510
554514
435511
435512
554515
435513
554516
435514
435515
435516
435517
435518
435519
435520
435521
435522
435523
435524
435525
435526
435527
435528
435529
435530
435531
435532
554515<record>
435533
435534
435535
435536
435537
435538
554517
554518
435539
435540
435541
435542
435543
554519
435544
554520
435545
435546
435547
435548
435549
435550
435551
435552
554521
435553
435554
435555
554522
435556
435557
554523
435558
435559
435560
435561
554524
554525
554526
435562
435563
435564
435565
554522<record>
435566
435567
435568
435569
435570
435571
435572
435573
435574
554504<record>
435575
435576
435577
554514<record>
554527
435578
435579
554191<record>
435580
435581
435582
435583
554528
435584
435585
435586
435587
435588
435589
435590
435591
435592
435593
554529
435594
435595
435596
435597
435598
435599
435600
435601
435602
435603
435604
435605
435606
435607
554506<record>
435608
435609
210053<record>
435610
435611
435612
554530
435613
435614
554531
435615
435616
435617
435618
435619
435620
435621
435622
435623
435624
554458<record>
435625
435626
435627
435628
435629
435630
435631
554466<record>
435632
435633
435634
435636
435637
435638
554530<record>
435639
554532
435640
554533
554534
554535
554536
435641
435642
435643
435644
435645
435646
435647
435648
435649
435650
435651
435652
435653
435654
554532<record>
435655
435656
554537
554538
435657
435658
435659
554539
435660
554540
554541
435661
435662
435663
435664
435665
435666
435667
435668
435669
554542
435670
435671
435672
435673
435674
435675
554543
435676
435677
435678
554544
435679
435680
435681
435682
435683
435684
435685
435686
435687
435688
435689
435690
435691
435692
435693
554545
554546
554547
554529<record>
435694
435695
435696
435697
435698
435699
435700
435701
435702
435703
435704
435705
554548
554549
554550
435706
435707
435708
554551
435709
435710
435711
435712
435713
435714
435715
435716
435717
435718
435719
435720
435721
435722
435723
435724
435725
435726
435727
435728
435729
435730
435731
554548<record>
435732
435733
435735
435736
435737
435738
435739
435740
435741
435742
554552
435743
435744
435745
435746
554555
554556
435748
435749
435750
435751
435755
435756
435757
554555<record>
435758
435760
435761
435762
435763
435764
435765
435766
435767
554561
435768
435769
435770
435771
435772
435773
435774
554562
435775
435776
435777
435778
435779
435780
554564
435781
435782
435783
435784
435785
435786
435787
435788
435789
435790
435791
554565
435792
435793
435794
435795
435796
554565<record>
435797
435798
554566
435799
435800
435801
435802
435803
435804
435805
435806
435807
435808
435809
435810
435811
435812
435813
435814
435815
435816
435817
554497<record>
435818
554568
435819
435820
435821
435822
435823
554446<record>
435824
435825
435826
435827
435828
435829
552970<record>
435830
435831
435832
435833
435834
554569
554570
435835
435836
435837
435838
435839
435840
435841
435842
435843
554572
435844
435845
435846
435847
435848
435851
435852
435853
435854
435855
435856
435857
268563<record>
435858
554322<record>
435859
435860
435861
554481<record>
435862
435880
435881
435882
435883
435884
435885
435886
435887
435888
435889
435890
554578
554579
435891
435892
435893
435894
435895
435896
435897
435898
435899
435900
435901
435902
554578<record>
435903
435904
554580
435905
435906
554580<record>
435907
435908
435909
435910
435911
435912
435913
435914
554581
435915
435916
435917
435918
435919
435920
554571<record>
435921
435922
435923
435924
435925
435926
435927
435928
435929
435930
435931
435932
435933
435934
435935
554582
435936
435937
435938
435939
435940
435941
554534<record>
435942
435943
435944
435945
435946
554568<record>
435947
435948
435949
435950
435951
435952
435953
435955
435954
435956
435957
435958
435959
435960
435961
435962
435963
435964
435965
435966
435967
435968
435969
435970
435971
435972
435973
554583
435974
435975
435976
435977
435978
554584
435979
435980
554585
435981
435982
554586
554587
554588
435983
435984
554589
435985
435986
435987
435988
435989
554590
554591
435990
435991
554592
554593
435992
435993
435994
435995
435996
435997
435998
435999
436000
436001
436002
436003
436004
554594
436005
554595
436006
436007
554594<record>
436008
436009
436010
436011
436012
436013
436014
436015
436016
554583<record>
554567<record>
436017
436018
436019
436020
436021
436022
436023
436024
436025
554577<record>
436026
436027
436028
436029
436030
436031
554596
436032
436033
436034
436035
436036
436037
436038
436039
436040
554597
436041
436042
436043
436044
436045
436046
436047
436048
436049
436050
436051
436052
554598
436053
436054
436055
436056
436057
436058
436059
436060
554599
436061
436062
436063
436064
436065
436066
436067
436068
436069
436070
436071
436072
436073
436074
436075
436076
436077
436078
554513<record>
436079
436080
436081
436082
436083
436084
436085
554600
436086
436087
554601
436088
436089
365397<record>
554602
554603
436093
554604
436094
436095
436096
436097
436098
436099
554605
554606
436100
436101
436102
436103
436104
554607
436105
554608
436106
436107
436108
436109
436110
436111
436112
436113
436114
554608<record>
436115
436116
554543<record>
436117
436118
436119
436120
436121
436122
436123
436124
436126
554609
554610
436127
554611
554612
554613
554614
554615
436128
436129
436130
436131
436132
436133
436134
436135
436136
436137
436138
436139
436140
436141
436142
554616
436143
436144
436145
436146
436147
436148
554617
436149
436150
554618
436151
436152
436153
436154
436155
436156
436157
436158
436159
436160
436161
436162
436163
436164
436165
436166
436167
554531<record>
436168
436169
436170
436171
436172
436173
436174
436175
436176
436177
554619
436178
436179
436180
554620
436181
436182
436183
436184
436185
554621
436186
436187
436188
436189
436190
436191
436192
436193
436194
436195
554620<record>
436196
436197
554622
436198
436200
554623
436201
436202
436203
554624
436204
436209
436210
436211
436212
436213
436217
554625
554626
554627
554628
554629
436218
554630
554631
436219
436220
436221
436222
436223
436224
436225
436226
436227
436234
554632
436235
436236
554633
436237
436238
436239
436240
436241
436242
436243
436244
436245
436246
436247
554634
436248
554635
436249
436250
436251
436252
554636
436253
554599<record>
436254
436255
436256
554637
436257
436258
436259
436260
436261
436262
436263
436264
436265
436266
436267
436268
436273
436274
436275
436276
554605<record>
436277
554606<record>
436278
436279
554638
436280
436281
436282
436283
436284
436285
436286
436287
554634<record>
554639
436288
554639<record>
554640
436289
436290
554640<record>
436291
554641
436292
554623<record>
436296
436297
436298
554642
554643
436303
554644
436304
436305
436306
436307
436308
436309
554645
436310
554646
436311
436312
436313
436314
436315
554647
554628<record>
436316
554648
436317
436318
436319
436320
436321
436322
436323
436324
436325
436326
554649
436327
436328
436329
554649<record>
436330
436331
436332
436333
436334
436335
554650
436336
554650<record>
436337
436338
436339
554651
436340
436341
436342
554652
554653
436343
436344
554654
436345
436346
436347
436348
436349
554654<record>
436350
436351
436352
436353
554655
436354
436355
436356
436357
554656
436358
436359
554656<record>
436360
554657
436361
436362
436363
436364
554625<record>
436365
436366
436367
554598<record>
436368
554655<record>
554658
436369
436370
554659
436371
554660
436372
554659<record>
436373
436374
554661
436375
554662
436376
554663
436377
436378
436379
436380
436381
436382
436383
436384
436385
436386
436387
436385
436388
436389
436390
436391
436392
436393
436394
436395
436396
436397
554576<record>
436398
436399
436400
436401
436402
436403
554664
436404
436405
436406
436407
554339<record>
554527<record>
553576<record>
554395<record>
554199<record>
554226<record>
436408
436409
436410
436411
436412
436413
436414
436415
436416
436417
436418
554662<record>
436419
436420
436421
436422
436423
436424
436425
554665
436426
436427
554653<record>
436428
554661<record>
436429
436430
436431
436432
554666
436433
436434
436435
436436
436437
436438
436439
554667
436440
554667<record>
436441
436442
436443
436444
554624<record>
554668
436445
554668<record>
436446
436449
436451
554669
436452
436453
436454
436455
436456
436457
554670
436458
554670<record>
436459
436460
436461
436462
436463
436464
436465
436466
436467
436468
436469
436470
436471
436472
436473
436474
436475
554260<record>
436476
436477
436478
554671
554671<record>
436479
436480
436482
436483
436484
554664<record>
554672
554672<record>
436485
554673
436486
436487
554674
436488
436489
554675
436490
554676
436491
436492
436493
436494
554677
436495
436496
554678
436497
436498
436499
436500
436501
436502
436503
436504
436505
436506
436507
436508
436509
436510
436511
436512
436513
436514
554679
436515
436516
436517
436518
436519
436520
436521
436522
436523
436524
436525
436526
436527
554680
436528
436529
554264<record>
436530
436531
436532
436533
436534
436535
436539
436540
436541
554663<record>
436542
436543
436544
436545
436546
554675<record>
436547
436548
436549
436550
436551
436552
436553
436554
436555
436556
554674<record>
554681
554682
436557
436558
554682<record>
436559
436560
436561
436562
436563
554683
436564
554684
436565
554685
436566
436567
436568
436569
436570
436571
436572
436573
436574
436575
436576
436577
436578
436579
436580
436581
436582
554686
436587
554687
436588
436589
436590
436591
436592
436593
436594
436595
436596
436597
436598
436599
436600
554685<record>
436601
554688
436602
436603
436604
436605
436606
436607
436608
436609
554689
436610
436611
436612
554690
436613
436614
436615
436616
436617
554689<record>
436618
436619
436620
436621
436622
554691
436623
436624
436625
436626
436627
554686<record>
436628
554692
436629
436630
436631
436632
436633
436634
436635
436636
436637
436638
436639
554693
436640
554694
436641
436642
554695
436643
436644
436645
436646
436647
436649
436650
436651
436652
436653
554696
554697
436654
554698
554699
554700
554696<record>
436655
436656
436657
436658
436659
436660
554701
436661
436662
436663
436664
436665
436666
436667
436668
436669
436670
436671
436672
436673
436674
436675
436676
436677
436678
436679
436680
436681
436682
436683
436684
436685
436686
436687
436688
436689
436690
554702
436691
554703
436692
436693
436694
554703<record>
436695
436696
554702<record>
554704
436697
436698
436699
436700
436701
436702
436703
436704
436705
436706
436707
436708
436709
436710
436711
436712
436713
436714
436715
436716
436717
554695<record>
436718
436719
436720
436721
436722
436723
436724
436725
436726
436727
436728
554705
436729
436730
436731
436732
436733
436734
436735
554637<record>
436736
436737
436738
436739
554706
436740
436741
554707
436742
436743
436744
436745
554708
554709
436746
554710
554711
436747
554712
436748
554713
436749
436750
436751
436752
436753
436754
436755
436756
436757
554706<record>
554714
436758
436759
554710<record>
436760
436761
436762
436763
436764
436765
436766
436767
436768
554715
436769
436770
436771
436772
436773
436774
487402<record>
436775
436776
436777
436778
436779
436780
436781
554716
436782
436783
436785
554717
436787
436789
436790
436791
436792
436793
554717<record>
436794
436795
436796
554715<record>
436797
554169<record>
436798
436799
436800
436801
554718
436802
436803
554718<record>
554719
436804
436805
436806
554720
554721
436807
436808
436809
554722
436810
554723
436811
554724
436812
436813
436814
436815
436816
436817
554725
436818
436819
436820
554725<record>
436821
436822
436823
436824
436825
436826
436827
436828
436829
98220<record>
436830
436831
436832
436833
554708<record>
436834
436835
554709<record>
436836
436837
436838
436839
436840
436841
436842
436843
436844
436845
554726
554727
436846
436847
436848
436849
436850
436851
436852
436853
554728
554729
554730
436854
436855
436856
436857
436858
436859
436860
436861
436862
554731
436863
436864
436865
436866
436867
436868
436869
436870
436871
436872
436873
436874
436875
436876
436877
436878
436879
436880
554572<record>
436881
554732
554733
554734
554735
436885
436886
436887
554732<record>
436888
436889
436890
436891
554736
436893
436894
436895
436896
436897
436898
436899
554737
436901
436902
436903
436904
436905
436906
554738
436907
436908
554739
436909
554740
436910
436911
436912
436913
436914
436915
436916
436917
436918
436919
436920
436921
436922
436923
436924
436925
436926
436927
436928
436929
436930
436931
436932
553767<record>
554741
436933
554742
436935
436936
436937
424135<record>
553505<record>
436938
554742<record>
436939
436940
436941
436942
436944
436945
436947
554743
436948
436949
436950
436951
436952
436953
436954
436955
436956
436957
436958
436959
436960
436961
436962
436963
436964
436965
436966
436967
436968
436969
436970
436971
436972
436973
436974
436975
436976
436977
436978
436979
554740<record>
436980
436981
436982
436983
436984
436985
554745
436987
436988
554746
436989
436990
436991
436992
436993
436994
436995
436996
436997
436998
436999
437000
437001
554747
437002
437003
554748
437004
554749
437005
437006
437007
437008
437009
437010
437011
437012
437013
554748<record>
437014
437015
437016
437017
437018
437019
437020
437021
437022
554750
437023
554751
554752
554753
554754
437024
437025
437026
437027
437028
437029
554755
437030
437031
437032
437033
437034
437035
437036
437037
437038
437039
437040
437041
437042
437043
437044
437045
437046
437047
437048
437049
554756
437050
437051
437052
554757
437053
437054
437055
437056
437057
437058
437059
437060
437061
437062
437063
437064
554758
437065
437066
437067
554759
437068
437069
437070
437071
554760
437072
437073
437074
554761
437075
437076
437077
437078
437079
437080
437081
437082
437083
437084
437085
437086
437087
437088
437089
437090
437091
437092
437093
437094
437095
437096
437097
437098
437099
437100
437101
554762
437102
437103
437104
437105
437106
437107
554757<record>
437108
437109
437110
437111
437113
437114
554763
554764
437115
437116
437117
554765
554766
554767
437119
437120
554768
437121
437122
554769
437123
437124
437125
437126
437127
437128
437129
437130
437131
437132
437133
437134
437135
437136
554738<record>
437137
554770
554771
437138
437139
437140
554693<record>
437141
437142
437143
437144
437145
554771<record>
437146
437147
437148
437149
437150
437151
437152
437153
437154
437155
437156
437157
437158
437159
554737<record>
437160
437161
437162
437163
437164
437165
554680<record>
437166
554766<record>
437167
437168
437169
437170
437171
437172
437173
554772
437174
554773
437175
437176
437177
437178
437179
437180
437181
437182
437183
437184
437185
437186
437187
437188
437189
437190
554684<record>
554774
437191
437192
437193
554775
437194
437195
437196
554666<record>
437197
437198
437199
554776
437200
437201
554777
554777<record>
437202
437203
437204
437205
437206
437207
437208
437209
437210
437211
437212
437213
437214
437215
437216
437217
437218
437219
437220
437221
437222
437223
554778
437224
437225
437226
437227
437228
437229
437230
437231
437232
437233
437234
554779
437235
437236
554780
437237
437238
437239
437240
437241
554781
554782
437242
554783
437243
554784
437244
437245
437246
437247
554781<record>
437257
437258
437259
554782<record>
437260
416962<record>
437261
437262
553921<record>
437263
437264
554380<record>
437265
437266
437267
437272
437273
437274
437275
437276
437277
437278
437279
437280
437281
553546<record>
437282
437283
437284
437285
437286
437287
437288
437289
553782<record>
437290
437291
437292
437293
437294
437295
437296
437297
437298
437299
437300
437301
437302
437303
437304
437305
437306
437307
437308
554785
437309
437310
554786
554787
437311
554788
437312
554789
554790
553723<record>
437313
437314
437315
553994<record>
437316
553790<record>
553757<record>
437317
437318
553547<record>
553519<record>
554791
554792
554793
554794
437319
554795
554796
437320
437321
437322
437323
437324
437325
437326
437327
437328
437329
437330
437331
437332
437333
437334
437335
437336
437337
437338
437339
437340
554750<record>
437341
437342
437343
437344
437345
437346
553756<record>
437347
554176<record>
437348
553688<record>
437349
437350
437351
437352
437353
437354
437355
437356
437357
437358
437359
437360
554797
437361
437362
437363
554798
437364
437365
437366
554652<record>
437367
437368
437369
437370
437371
437372
266743<record>
437373
437374
437375
437376
437377
437378
437379
437380
437381
437382
437383
437384
437385
437386
437387
554799
437388
437389
437390
437391
437392
437393
437394
437395
437396
437397
437398
437399
554333<record>
554743<record>
437400
437401
437402
437403
437404
437405
437406
437407
437408
437409
437410
437411
437412
437413
437414
437415
554800
437416
437417
553736<record>
437418
437419
437420
437421
437422
437423
437424
554801
437425
437426
437427
437428
554802
554803
554804
554805
554806
437432
437433
437434
437435
437436
554807
437437
437439
437440
437441
554808
437442
437443
437444
437445
554809
554810
554811
554812
437446
554813
554814
554815
554816
554817
554818
554819
554820
437447
554810<record>
554821
437449
437450
437451
437452
437453
437454
437455
437456
437457
437458
437459
554815<record>
554816<record>
554822
437460
437461
437462
437463
437464
437465
437466
437467
437468
437469
437470
554823
554824
554814<record>
554825
437473
437474
554825<record>
554826
554827
437475
554828
554829
437476
437477
437478
437479
554809<record>
437480
437481
437482
437483
437484
437485
437486
437487
437488
437489
554823<record>
554830
437490
437491
437492
437493
554830<record>
437494
437495
437496
554828<record>
437497
554829<record>
437498
437499
437500
437501
437502
437503
437504
437505
437506
437507
437508
554831
437509
437510
554539<record>
437511
437512
437513
437514
437515
437516
437517
437518
437519
437520
437521
437522
437523
437524
437525
437526
437527
437528
437529
437530
437531
437532
437533
437534
437535
437536
437537
437538
437539
437540
437541
437542
437543
437544
437545
437546
437547
437548
437549
437550
437551
437552
437554
437555
437556
437557
437558
437559
437560
437561
437562
437563
437564
437565
437566
437567
437568
437569
437570
437571
554832
554833
437573
437574
437575
437576
554834
437577
437578
554835
437579
437580
437581
437582
437583
437584
437585
554836
437586
437587
437588
437590
437591
554833<record>
437592
437593
554837
437594
437595
437596
554835<record>
554838
437597
554839
554840
437598
554840<record>
437599
437600
554839<record>
437601
437602
437603
437604
554831<record>
437605
437606
554838<record>
437607
437608
437609
554714<record>
437611
553974<record>
554841
554842
437613
437614
437615
437616
554843
554844
554845
554846
437618
437619
437620
554847
437621
437622
437623
437624
437625
437626
437627
437628
437629
437630
437631
437632
437633
554848
437634
437635
437636
437637
554849
437638
437639
437640
437641
437642
437643
437644
437645
437649
437648
437653
437652
437650
437651
437655
437654
437656
437657
437658
554850
437699
437704
437703
437702
437701
437705
437706
554585<record>
437707
437708
437710
437711
437712
437713
437714
437715
554626<record>
554851
554852
554853
437717
437718
437719
437720
554854
437723
554855
554855<record>
437724
437725
437726
437727
437728
437729
437730
437731
437732
437733
437734
437735
437736
437737
437738
437739
554533<record>
437740
437741
437742
437743
437744
437745
554612<record>
554787<record>
437746
437747
437748
437749
554559<record>
437750
437751
437752
437753
437754
437755
437756
437757
437758
437759
437760
554857
437763
554858
437764
554859
437765
437766
437768
437769
437770
437771
437772
554574<record>
437773
554575<record>
437774
437776
437777
437778
437779
437780
437781
437782
437783
554860
437784
437786
437787
437788
437789
437790
437791
437792
437793
437794
437795
554861
437796
554862
437797
437798
437799
437800
554844<record>
437801
437802