# 0.03811  hbar^2/(2m)
# -4.0 xmin
# 4.0 xmax
# 1350 ngrid
# 1 nnode 
# 0.1 vscale
# -13.659782276223194  Energy
#offset=0
#offset-(1.44/abs(x))
-4.0 0.0 0.0
-3.994069681245367 5.851606760244166E-32 -0.3605345211581292
-3.9881393624907338 1.1775102247788002E-31 -0.36107063197026024
-3.9822090437361006 1.784325300762338E-31 -0.361608339538347
-3.976278724981468 2.4130596680669596E-31 -0.36214765100671137
-3.970348406226835 3.071435737277185E-31 -0.36268857356235995
-3.9644180874722017 3.7675393871925834E-31 -0.36323111443530287
-3.9584877687175686 4.509919235270322E-31 -0.3637752808988764
-3.9525574499629355 5.3076915750327275E-31 -0.3643210802700675
-3.9466271312083023 6.170652267975699E-31 -0.3648685199098422
-3.940696812453669 7.10939696259418E-31 -0.3654176072234763
-3.9347664936990365 8.135451115049857E-31 -0.3659683496608892
-3.9288361749444034 9.261411405989564E-31 -0.3665207547169811
-3.9229058561897703 1.0501100287547301E-30 -0.36707482993197277
-3.916975537435137 1.186973555533471E-30 -0.36763058289174866
-3.911045218680504 1.3384117024210581E-30 -0.36818802122820316
-3.905114899925871 1.5062832596070272E-30 -0.36874715261958996
-3.899184581171238 1.6926486245372702E-30 -0.3693079847908745
-3.893254262416605 1.8997950716531587E-30 -0.36987052551408983
-3.887323943661972 2.1302648029922087E-30 -0.3704347826086956
-3.881393624907339 2.386886123379658E-30 -0.37100076394194037
-3.8754633061527057 2.6728081222030333E-30 -0.3715684774292272
-3.8695329873980726 2.9915392867009714E-30 -0.3721379310344827
-3.8636026686434395 3.346990519838634E-30 -0.3727091327705295
-3.8576723498888064 3.743523089773838E-30 -0.37328209069946194
-3.8517420311341732 4.186002098300295E-30 -0.3738568129330254
-3.8458117123795406 4.679856123225766E-30 -0.3744333076329992
-3.8398813936249074 5.23114376522992E-30 -0.375011583011583
-3.8339510748702743 5.846627914273846E-30 -0.3755916473317865
-3.828020756115641 6.53385864513431E-30 -0.37617350890782336
-3.822090437361008 7.301265757266679E-30 -0.37675717610550813
-3.816160118606375 8.158262092252841E-30 -0.3773426573426573
-3.810229799851742 9.115358894008032E-30 -0.37792996108949417
-3.804299481097109 1.0184294624316367E-29 -0.37851909586905685
-3.798369162342476 1.137817881094131E-29 -0.37911007025761123
-3.792438843587843 1.271165268952791E-29 -0.3797028928850664
-3.7865085248332098 1.4201068606027534E-29 -0.38029757243539547
-3.7805782060785766 1.5864690375945527E-29 -0.3808941176470588
-3.7746478873239435 1.772291705314442E-29 -0.38149253731343286
-3.7687175685693104 1.97985328473644E-29 -0.38209284028324153
-3.7627872498146777 2.2116986249550057E-29 -0.38269503546099287
-3.7568569310600446 2.4706701781408411E-29 -0.3832991318074191
-3.7509266123054115 2.759942818473514E-29 -0.3839051383399209
-3.7449962935507783 3.083062731181162E-29 -0.3845130641330166
-3.739065974796145 3.443990847604266E-29 -0.3851229183187946
-3.733135656041512 3.847151357805673E-29 -0.3857347100873709
-3.727205337286879 4.297485894352332E-29 -0.38634844868735085
-3.7212750185322463 4.800514050254188E-29 -0.38696414342629476
-3.715344699777613 5.36240097150997E-29 -0.3875818036711891
-3.70941438102298 5.990032851224528E-29 -0.38820143884892083
-3.703484062268347 6.691101248884805E-29 -0.3888230584467574
-3.697553743513714 7.474197266291846E-29 -0.3894466720128308
-3.6916234247590807 8.348916732162574E-29 -0.3900722891566265
-3.6856931060044476 9.32597768200933E-29 -0.3906999195494771
-3.679762787249815 1.0417351570221434E-28 -0.3913295729250604
-3.6738324684951817 1.163640981914686E-28 -0.39196125907990315
-3.6679021497405486 1.299808749745378E-28 -0.3925949878738884
-3.6619718309859155 1.4519066129430643E-28 -0.3932307692307692
-3.6560415122312824 1.6217977870716E-28 -0.3938686131386861
-3.6501111934766493 1.8115633547090989E-28 -0.3945085296506905
-3.644180874722016 2.0235277344606065E-28 -0.3951505288852726
-3.6382505559673834 2.260287126501015E-28 -0.39579462102689483
-3.6323202372127503 2.524741282418026E-28 -0.3964408163265306
-3.626389918458117 2.8201289877453706E-28 -0.3970891251022077
-3.620459599703484 3.1500676909400264E-28 -0.3977395577395577
-3.614529280948851 3.518597763217614E-28 -0.3983921246923708
-3.608598962194218 3.9302319302357265E-28 -0.3990468364831553
-3.6026686434395847 4.390010479796091E-28 -0.3997037037037037
-3.596738324684952 4.903562920294285E-28 -0.4003627370156636
-3.590808005930319 5.477176843440988E-28 -0.4010239471511147
-3.584877687175686 6.11787483277313E-28 -0.40168734491315133
-3.5789473684210527 6.833500357740183E-28 -0.4023529411764706
-3.5730170496664195 7.632813702889197E-28 -0.4030207468879668
-3.5670867309117864 8.525599104220671E-28 -0.40369077306733164
-3.5611564121571533 9.522784401640968E-28 -0.4043630308076603
-3.5552260934025206 1.063657466926482E-27 -0.40503753127606335
-3.5492957746478875 1.1880601455987835E-27 -0.4057142857142857
-3.5433654558932544 1.3270089459334889E-27 -0.4063933054393305
-3.5374351371386212 1.4822042668420562E-27 -0.4070746018440905
-3.531504818383988 1.6555452249527183E-27 -0.4077581863979849
-3.525574499629355 1.8491528713213156E-27 -0.408444070647603
-3.519644180874722 2.0653961198244674E-27 -0.40913226621735466
-3.513713862120089 2.3069207038611488E-27 -0.4098227848101265
-3.507783543365456 2.5766815149476732E-27 -0.41051563820794584
-3.501853224610823 2.877978718062756E-27 -0.41121083827265026
-3.49592290585619 3.2144980846868255E-27 -0.4119083969465649
-3.4899925871015567 3.5903560359447885E-27 -0.41260832625318605
-3.4840622683469236 4.0101499457313434E-27 -0.41331063829787235
-3.4781319495922904 4.479014317872999E-27 -0.4140153452685422
-3.4722016308376578 5.002683523043308E-27 -0.41472245943637914
-3.4662713120830246 5.587561861170662E-27 -0.415431993156544
-3.4603409933283915 6.240801804436365E-27 -0.41614395886889455
-3.4544106745737584 6.970391375743382E-27 -0.41685836909871243
-3.4484803558191253 7.785251728958673E-27 -0.41757523645743766
-3.442550037064492 8.695346121651893E-27 -0.4182945736434108
-3.436619718309859 9.711801609985857E-27 -0.4190163934426229
-3.4306893995552263 1.0847044950551968E-26 -0.4197407087294727
-3.424759080800593 1.2114954367176131E-26 -0.42046753246753243
-3.41882876204596 1.3531029034157404E-26 -0.4211968777103209
-3.412898443291327 1.5112578343398245E-26 -0.42192875760208515
-3.406968124536694 1.6878933264071973E-26 -0.42266318537859005
-3.4010378057820607 1.8851682372786723E-26 -0.42340017436791627
-3.3951074870274276 2.105493543292442E-26 -0.42413973799126636
-3.389177168272795 2.3515617737619556E-26 -0.4248818897637795
-3.3832468495181613 2.626379880578308E-26 -0.425626643295355
-3.3773165307635287 2.933305943923573E-26 -0.42637401229148375
-3.3713862120088955 3.276090161648858E-26 -0.42712401055408966
-3.3654558932542624 3.658920622068491E-26 -0.42787665198237884
-3.3595255744996293 4.0864744182051313E-26 -0.42863195057369813
-3.353595255744996 4.5639747265986466E-26 -0.42938992042440316
-3.3476649369903635 5.097254546456532E-26 -0.4301505757307351
-3.34173461823573 5.692827876059338E-26 -0.4309139307897072
-3.3358042994810972 6.35796919392824E-26 -0.43167999999999995
-3.329873980726464 7.10080221341563E-26 -0.4324487978628673
-3.323943661971831 7.930398992323862E-26 -0.43322033898305085
-3.318013343217198 8.856890605265897E-26 -0.43399463806970506
-3.3120830244625648 9.891590727288273E-26 -0.43477170993733216
-3.306152705707932 1.1047133634494148E-25 -0.4355515695067264
-3.3002223869532985 1.2337628302943848E-25 -0.43633423180592995
-3.294292068198666 1.3778830483106996E-25 -0.4371197119711971
-3.2883617494440327 1.5388334845977023E-25 -0.4379080252479711
-3.2824314306893996 1.7185789541296146E-25 -0.4386991869918699
-3.2765011119347665 1.91931357811472E-25 -0.4394932126696832
-3.2705707931801333 2.143487536676425E-25 -0.4402901178603808
-3.2646404744255006 2.39383694164991E-25 -0.44108991825613075
-3.258710155670867 2.673417193258897E-25 -0.4418926296633303
-3.2527798369162344 2.9856402268316393E-25 -0.44269826800364626
-3.2468495181616013 3.334316103048774E-25 -0.44350684931506845
-3.240919199406968 3.7236994480632885E-25 -0.44431838975297344
-3.234988880652335 4.158541308836727E-25 -0.4451329055912007
-3.229058561897702 4.6441470549126245E-25 -0.4459504132231405
-3.2231282431430692 5.1864410313984195E-25 -0.44677092916283345
-3.2171979243884357 5.792038750044119E-25 -0.44759447004608294
-3.211267605633803 6.468327496987165E-25 -0.4484210526315789
-3.20533728687917 7.223556338091851E-25 -0.44925069380203514
-3.1994069681245367 8.066936617091239E-25 -0.45008341056533824
-3.1934766493699036 9.0087541693276E-25 -0.4509192200557103
-3.1875463306152705 1.0060494616333176E-24 -0.4517581395348837
-3.181616011860638 1.1234983265525837E-24 -0.4526001863932898
-3.1756856931060042 1.2546541316845021E-24 -0.4534453781512605
-3.1697553743513716 1.4011160276377E-24 -0.4542937324602432
-3.1638250555967384 1.5646696698321564E-24 -0.45514526710402997
-3.1578947368421053 1.7473089623720407E-24 -0.45599999999999996
-3.151964418087472 1.9512603360199124E-24 -0.45685794920037626
-3.146034099332839 2.179009855491741E-24 -0.4577191328934967
-3.1401037805782064 2.4333334856711958E-24 -0.4585835694050991
-3.134173461823573 2.717330884722495E-24 -0.4594512771996216
-3.12824314306894 3.03446313492946E-24 -0.46032227488151656
-3.122312824314307 3.3885948699240204E-24 -0.46119658119658113
-3.116382505559674 3.784041310370527E-24 -0.4620742150333016
-3.1104521868050408 4.225620779790582E-24 -0.46295519542421354
-3.1045218680504076 4.718713338769639E-24 -0.4638395415472779
-3.098591549295775 5.269326250088584E-24 -0.46472727272727266
-3.0926612305411414 5.8841670702716805E-24 -0.46561840843720037
-3.0867309117865087 6.5707252556424945E-24 -0.4665129682997118
-3.0808005930318756 7.337363274354137E-24 -0.46741097208854665
-3.0748702742772425 8.19341833126277E-24 -0.4683124397299903
-3.0689399555226093 9.149315941342285E-24 -0.4692173913043478
-3.063009636767976 1.0216696731155108E-23 -0.47012584704743465
-3.057079318013343 1.1408558008441829E-23 -0.4710378273520854
-3.05114899925871 1.2739411819116576E-23 -0.4719533527696793
-3.0452186805040773 1.422546141102699E-23 -0.4728724440116845
-3.039288361749444 1.5884798247181555E-23 -0.4737951219512195
-3.033358042994811 1.7737621960468597E-23 -0.4747214076246334
-3.027427724240178 1.9806485920210162E-23 -0.4756513222331048
-3.021497405485545 2.211657139158183E-23 -0.47658488714425906
-3.0155670867309117 2.469599361574869E-23 -0.47752212389380533
-3.0096367679762785 2.757614352571788E-23 -0.47846305418719215
-3.003706449221646 3.07920692450779E-23 -0.4794076999012833
-2.9977761304670127 3.438290199921597E-23 -0.4803560830860534
-2.9918458117123796 3.839233160711793E-23 -0.48130822596630324
-2.9859154929577465 4.286913732297895E-23 -0.4822641509433962
-2.9799851742031134 4.7867780467864297E-23 -0.48322388059701493
-2.9740548554484807 5.34490660406775E-23 -0.4841874376869391
-2.968124536693847 5.968088133378415E-23 -0.48515484515484514
-2.9621942179392144 6.663902051191931E-23 -0.48612612612612605
-2.9562638991845813 7.440810515476741E-23 -0.4871013039117352
-2.950333580429948 8.30826119264484E-23 -0.4880804020100502
-2.944403261675315 9.276801983314095E-23 -0.4890634441087613
-2.938472942920682 1.0358209097891951E-22 -0.490050454086781
-2.9325426241660493 1.1565630034710432E-22 -0.4910414560161779
-2.9266123054114157 1.291374319395745E-22 -0.49203647416413376
-2.920681986656783 1.4418936062140633E-22 -0.4930355329949238
-2.9147516679021495 1.6099504126722872E-22 -0.4940386571719227
-2.9088213491475168 1.797587293160305E-22 -0.495045871559633
-2.9028910303928837 2.0070845964314887E-22 -0.49605720122574054
-2.8969607116382505 2.2409881378568743E-22 -0.49707267144319345
-2.891030392883618 2.502140090484525E-22 -0.4980923076923076
-2.8851000741289843 2.793713469138386E-22 -0.49911613566289825
-2.8791697553743516 3.1192506252802567E-22 -0.5001441812564366
-2.873239436619718 3.482706218899061E-22 -0.5011764705882353
-2.8673091178650854 3.888495187869848E-22 -0.5022130299896587
-2.8613787991104522 4.341546295695302E-22 -0.5032538860103627
-2.855448480355819 4.847361906035362E-22 -0.5042990654205607
-2.8495181616011864 5.412084707760873E-22 -0.5053485952133194
-2.843587842846553 6.042572198344797E-22 -0.5064025026068821
-2.83765752409192 6.746479827244289E-22 -0.5074608150470219
-2.8317272053372866 7.532353805662124E-22 -0.5085235602094241
-2.825796886582654 8.409734705970545E-22 -0.5095907660020986
-2.819866567828021 9.389273104545664E-22 -0.5106624605678233
-2.8139362490733877 1.0482858667370582E-21 -0.5117386722866175
-2.808005930318755 1.1703764240277543E-21 -0.512819429778247
-2.8020756115641214 1.3066806687074484E-21 -0.5139047619047619
-2.7961452928094888 1.4588526421227623E-21 -0.5149946977730646
-2.790214974054855 1.6287387802691043E-21 -0.5160892667375133
-2.7842846553002225 1.818400282361162E-21 -0.5171884984025559
-2.7783543365455894 2.0301380788034064E-21 -0.5182924226254002
-2.7724240177909563 2.26652070047794E-21 -0.5194010695187166
-2.766493699036323 2.5304153863158143E-21 -0.5205144694533762
-2.76056338028169 2.825022805233151E-21 -0.5216326530612245
-2.7546330615270573 3.1539158121666366E-21 -0.5227556512378901
-2.7487027427724238 3.521082706660321E-21 -0.5238834951456312
-2.742772424017791 3.930975516824321E-21 -0.5250162162162162
-2.736842105263158 4.3885638921611815E-21 -0.5261538461538461
-2.730911786508525 4.899395256468321E-21 -0.5272964169381107
-2.7249814677538917 5.469661947591012E-21 -0.5284439608269859
-2.7190511489992586 6.1062761551299955E-21 -0.5295965103598691
-2.713120830244626 6.816953561316771E-21 -0.5307540983606557
-2.7071905114899923 7.610306695291337E-21 -0.5319167579408544
-2.7012601927353597 8.495949128216181E-21 -0.5330845225027442
-2.6953298739807265 9.484611767447915E-21 -0.5342574257425742
-2.6893995552260934 1.0588272653938436E-20 -0.5354355016538037
-2.6834692364714603 1.1820301829907989E-20 -0.5366187845303867
-2.677538917716827 1.3195623025582986E-20 -0.5378073089700997
-2.6716085989621945 1.473089411660938E-20 -0.5390011098779134
-2.665678280207561 1.644470853007816E-20 -0.5402002224694105
-2.6597479614529282 1.8357820029656044E-20 -0.5414046822742474
-2.653817642698295 2.0493393592139978E-20 -0.5426145251396648
-2.647887323943662 2.2877285402238414E-20 -0.5438297872340425
-2.641957005189029 2.553835534330764E-20 -0.545050505050505
-2.6360266864343957 2.8508815753357516E-20 -0.5462767154105737
-2.630096367679763 3.1824620652596465E-20 -0.5475084554678692
-2.6241660489251295 3.552590013636244E-20 -0.5487457627118645
-2.618235730170497 3.965744517134729E-20 -0.5499886749716874
-2.6123054114158637 4.4269248640103374E-20 -0.5512372304199773
-2.6063750926612306 4.941710915622086E-20 -0.5524914675767918
-2.6004447739065975 5.516330492841876E-20 -0.553751425313569
-2.5945144551519643 6.157734579518599E-20 -0.5550171428571429
-2.5885841363973316 6.873681249266827E-20 -0.5562886597938144
-2.582653817642698 7.672829326852836E-20 -0.5575660160734788
-2.5767234988880654 8.564842912611802E-20 -0.558849252013809
-2.5707931801334323 9.560508029055975E-20 -0.5601384083044982
-2.564862861378799 1.0671862794693813E-19 -0.5614335260115607
-2.558932542624166 1.1912342692825415E-19 -0.5627346465816918
-2.553002223869533 1.3296942684663286E-19 -0.5640418118466899
-2.5470719051149002 1.484239811872886E-19 -0.5653550640279393
-2.5411415863602667 1.6567386614524813E-19 -0.5666744457409568
-2.535211267605634 1.849275335069361E-19 -0.568
-2.529280948851001 2.0641762469268512E-19 -0.5693317702227432
-2.5233506300963677 2.3040377621580024E-19 -0.5706698002350176
-2.5174203113417346 2.571757503166311E-19 -0.5720141342756183
-2.5114899925871015 2.8705692843818316E-19 -0.5733648170011806
-2.505559673832469 3.204082095699859E-19 -0.5747218934911241
-2.4996293550778352 3.5763236035149097E-19 -0.576085409252669
-2.4936990363232026 3.9917886925350116E-19 -0.5774554102259215
-2.4877687175685694 4.455493632110643E-19 -0.5788319427890345
-2.4818383988139363 4.973036518364468E-19 -0.5802150537634408
-2.475908080059303 5.55066471877162E-19 -0.5816047904191617
-2.46997776130467 6.195350129918201E-19 -0.5830012004801921
-2.4640474425500374 6.914873152964977E-19 -0.5844043321299638
-2.458117123795404 7.717916395986902E-19 -0.5858142340168878
-2.452186805040771 8.614169229100013E-19 -0.5872309552599757
-2.446256486286138 9.614444448522825E-19 -0.5886545454545454
-2.440326167531505 1.0730808451008149E-18 -0.5900850546780072
-2.4343958487768718 1.1976726482162056E-18 -0.5915225334957369
-2.4284655300222386 1.3367224702978521E-18 -0.592967032967033
-2.422535211267606 1.491907102062423E-18 -0.5944186046511627
-2.4166048925129724 1.66509768545205E-18 -0.595877300613497
-2.4106745737583397 1.858382225977929E-18 -0.5973431734317343
-2.4047442550037066 2.0740907110058754E-18 -0.5988162762022194
-2.3988139362490735 2.314823135425893E-18 -0.6002966625463535
-2.3928836174944403 2.5834807709912185E-18 -0.6017843866171003
-2.386953298739807 2.883301054480157E-18 -0.6032795031055901
-2.3810229799851745 3.2178965131906247E-18 -0.6047820672478206
-2.375092661230541 3.591298194640712E-18 -0.6062921348314607
-2.3691623424759083 4.008004121296425E-18 -0.6078097622027534
-2.363232023721275 4.473033351324378E-18 -0.6093350062735257
-2.357301704966642 4.9919862934911215E-18 -0.6108679245283019
-2.351371386212009 5.571111999203351E-18 -0.6124085750315258
-2.345441067457376 6.217383238198259E-18 -0.6139570164348925
-2.339510748702743 6.938580257547356E-18 -0.6155133079847908
-2.3335804299481095 7.74338422754189E-18 -0.6170775095298603
-2.327650111193477 8.64148149392302E-18 -0.6186496815286623
-2.3217197924388437 9.643679885187673E-18 -0.6202298850574712
-2.3157894736842106 1.0762038467883184E-17 -0.6218181818181818
-2.3098591549295775 1.201001230361949E-17 -0.6234146341463415
-2.3039288361749444 1.3402613940894266E-17 -0.625019305019305
-2.2979985174203117 1.495659357488162E-17 -0.6266322580645161
-2.292068198665678 1.6690640031463312E-17 -0.6282535575679172
-2.2861378799110454 1.8625604980641276E-17 -0.6298832684824902
-2.2802075611564123 2.078475306202614E-17 -0.631521456436931
-2.274277242401779 2.3194040914654897E-17 -0.6331681877444589
-2.268346923647146 2.5882428448637445E-17 -0.6348235294117647
-2.262416604892513 2.8882226081177727E-17 -0.6364875491480996
-2.2564862861378803 3.2229482088943924E-17 -0.6381603153745071
-2.2505559673832467 3.5964414707684544E-17 -0.6398418972332016
-2.244625648628614 4.013189414410236E-17 -0.6415323645970937
-2.238695329873981 4.478198026066049E-17 -0.6432317880794701
-2.2327650111193478 4.9970522358289193E-17 -0.6449402390438247
-2.2268346923647147 5.575982822278959E-17 -0.6466577896138481
-2.2209043736100815 6.221941042689819E-17 -0.6483845126835781
-2.214974054855449 6.942681880130713E-17 -0.6501204819277107
-2.2090437361008153 7.746856901537794E-17 -0.6518657718120806
-2.2031134173461826 8.644117835405202E-17 -0.6536204576043068
-2.1971830985915495 9.645232105515977E-17 -0.6553846153846153
-2.1912527798369164 1.0762211699614082E-16 -0.6571583220568334
-2.1853224610822832 1.2008456910802838E-16 -0.6589416553595657
-2.17939214232765 1.3398916666628867E-16 -0.660734693877551
-2.1734618235730174 1.4950267358377084E-16 -0.6625375170532058
-2.167531504818384 1.6681112303406316E-16 -0.6643502051983584
-2.161601186063751 1.8612204219010808E-16 -0.6661728395061728
-2.1556708673091176 2.0766693360214303E-16 -0.6680055020632738
-2.149740548554485 2.3170404279339607E-16 -0.6698482758620689
-2.143810229799852 2.585214450576938E-16 -0.671701244813278
-2.1378799110452187 2.884404882406091E-16 -0.6735644937586684
-2.131949592290586 3.2181963252000077E-16 -0.6754381084840054
-2.1260192735359524 3.5905873292295033E-16 -0.6773221757322175
-2.1200889547813198 4.0060381558011997E-16 -0.6792167832167831
-2.114158636026686 4.46952404587789E-16 -0.6811220196353437
-2.1082283172720535 4.986594628917823E-16 -0.6830379746835442
-2.1022979985174204 5.563440179036572E-16 -0.6849647390691114
-2.0963676797627873 6.206965506942329E-16 -0.6869024045261669
-2.0904373610081546 6.9248723667909E-16 -0.6888510638297871
-2.084507042253521 7.725751358223502E-16 -0.6908108108108109
-2.0785767234988883 8.619184416584685E-16 -0.6927817403708986
-2.0726464047442548 9.615859110002437E-16 -0.6947639484978542
-2.066716085989622 1.0727696102134018E-15 -0.6967575322812051
-2.060785767234989 1.1967991295595121E-15 -0.6987625899280575
-2.054855448480356 1.3351574345243092E-15 -0.7007792207792207
-2.048925129725723 1.4894985424634262E-15 -0.7028075253256149
-2.0429948109710896 1.6616672345414467E-15 -0.7048476052249637
-2.037064492216457 1.8537210370686263E-15 -0.7068995633187771
-2.0311341734618233 2.0679547332374583E-15 -0.7089635036496351
-2.0252038547071907 2.3069276962459788E-15 -0.7110395314787701
-2.0192735359525575 2.5734943682200635E-15 -0.7131277533039647
-2.0133432171979244 2.8708382466073532E-15 -0.7152282768777614
-2.0074128984432913 3.202509781250234E-15 -0.717341211225997
-2.001482579688658 3.572468631644238E-15 -0.7194666666666667
-1.9955522609340255 3.985130785497121E-15 -0.7216047548291232
-1.9896219421793924 4.445421097230779E-15 -0.7237555886736213
-1.9836916234247592 4.958831869191043E-15 -0.7259192825112106
-1.9777613046701261 5.53148816980423E-15 -0.7280959520239879
-1.971830985915493 6.170220662586028E-15 -0.7302857142857142
-1.9659006671608599 6.882646808705444E-15 -0.7324886877828054
-1.9599703484062267 7.67726140477938E-15 -0.7347049924357035
-1.954040029651594 8.563537527886197E-15 -0.7369347496206372
-1.948109710896961 9.552039082737156E-15 -0.7391780821917807
-1.9421793921423278 1.0654546282978322E-14 -0.7414351145038167
-1.9362490733876947 1.1884195551323771E-14 -0.7437059724349157
-1.9303187546330616 1.3255635493438143E-14 -0.7459907834101382
-1.9243884358784284 1.4785200790193136E-14 -0.7482896764252697
-1.9184581171237953 1.6491106064346163E-14 -0.7506027820710974
-1.9125277983691626 1.8393662013313253E-14 -0.7529302325581394
-1.9065974796145295 2.0515516362297633E-14 -0.755272161741835
-1.9006671608598964 2.2881922484672468E-14 -0.7576287051482058
-1.8947368421052633 2.5521038862633856E-14 -0.7599999999999999
-1.8888065233506302 2.846426292456301E-14 -0.762386185243328
-1.882876204595997 3.174660320052617E-14 -0.7647874015748031
-1.876945885841364 3.5407094188643454E-14 -0.7672037914691943
-1.8710155670867308 3.948925882796267E-14 -0.769635499207607
-1.865085248332098 4.4041624033870846E-14 -0.7720826709062002
-1.859154929577465 4.9118295376528946E-14 -0.7745454545454544
-1.8532246108228319 5.4779597678632145E-14 -0.7770239999999999
-1.8472942920681987 6.109278908412462E-14 -0.7795184590690208
-1.8413639733135656 6.813285701340186E-14 -0.7820289855072463
-1.8354336545589325 7.598340538312217E-14 -0.7845557350565429
-1.8295033358042994 8.473764354127258E-14 -0.7870988654781199
-1.8235730170496667 9.449948856313172E-14 -0.7896585365853657
-1.8176426982950336 1.0538479388520325E-13 -0.7922349102773245
-1.8117123795404004 1.1752271873760993E-13 -0.7948281505728313
-1.8057820607857673 1.310572544881607E-13 -0.7974384236453201
-1.7998517420311342 1.461489258526219E-13 -0.8000658978583196
-1.793921423276501 1.6297668697712329E-13 -0.8027107438016529
-1.787991104521868 1.8174003468403762E-13 -0.8053731343283582
-1.7820607857672353 2.0266136371873542E-13 -0.808053244592346
-1.7761304670126021 2.2598859167101426E-13 -0.8107512520868112
-1.770200148257969 2.5199808440477743E-13 -0.813467336683417
-1.7642698295033359 2.809979163494983E-13 -0.8162016806722688
-1.7583395107487028 3.1333150392813603E-13 -0.8189544688026981
-1.7524091919940696 3.4938165476410273E-13 -0.821725888324873
-1.7464788732394365 3.8957508017544274E-13 -0.8245161290322581
-1.7405485544848038 4.343874238841564E-13 -0.8273253833049402
-1.7346182357301707 4.843488659056008E-13 -0.830153846153846
-1.7286879169755376 5.400503673072761E-13 -0.8330017152658661
-1.7227575982209045 6.021506290161867E-13 -0.8358691910499139
-1.7168272794662713 6.713838461963304E-13 -0.8387564766839378
-1.7108969607116382 7.485683490095324E-13 -0.8416637781629116
-1.704966641957005 8.346162309216609E-13 -0.8445913043478261
-1.6990363232023724 9.305440772422277E-13 -0.8475392670157066
-1.6931060044477393 1.0374849194221603E-12 -0.8505078809106829
-1.6871756856931062 1.1567015549308852E-12 -0.8534973637961335
-1.681245366938473 1.2896013884554129E-12 -0.8565079365079364
-1.67531504818384 1.4377529678952311E-12 -0.8595398230088495
-1.6693847294292068 1.6029044083727531E-12 -0.8625932504440497
-1.6634544106745737 1.7870039194682587E-12 -0.865668449197861
-1.657524091919941 1.992222675375084E-12 -0.8687656529516993
-1.6515937731653079 2.220980294938269E-12 -0.8718850987432674
-1.6456634544106747 2.4759732289031105E-12 -0.875027027027027
-1.6397331356560416 2.7602063855097666E-12 -0.8781916817359855
-1.6338028169014085 3.077028363216548E-12 -0.8813793103448275
-1.6278724981467754 3.4301707012523007E-12 -0.8845901639344262
-1.6219421793921422 3.823791605370811E-12 -0.8878244972577697
-1.6160118606375096 4.262524658145586E-12 -0.8910825688073393
-1.6100815418828764 4.751533081000528E-12 -0.8943646408839777
-1.6041512231282433 5.296570179587437E-12 -0.8976709796672827
-1.5982209043736102 5.904046675836508E-12 -0.9010018552875695
-1.592290585618977 6.581105709846473E-12 -0.9043575418994413
-1.586360266864344 7.335706383664944E-12 -0.9077383177570093
-1.5804299481097108 8.176716817959034E-12 -0.9111444652908067
-1.5744996293550781 9.114017802728214E-12 -0.9145762711864405
-1.568569310600445 1.0158618245831032E-11 -0.9180340264650282
-1.562638991845812 1.1322783759592273E-11 -0.9215180265654648
-1.5567086730911788 1.2620179877693727E-11 -0.9250285714285713
-1.5507783543365457 1.4066031563672079E-11 -0.928565965583174
-1.5448480355819125 1.567730086059054E-11 -0.932130518234165
-1.5389177168272794 1.747288474097279E-11 -0.9357225433526012
-1.5329873980726463 1.9473835449288066E-11 -0.9393423597678917
-1.5270570793180136 2.170360588882333E-11 -0.9429902912621357
-1.5211267605633805 2.4188322893641376E-11 -0.9466666666666665
-1.5151964418087474 2.6957091547804384E-11 -0.950371819960861
-1.5092661230541142 3.004233407181424E-11 -0.9541060903732809
-1.503335804299481 3.348016719436889E-11 -0.957869822485207
-1.497405485544848 3.731082237060261E-11 -0.9616633663366336
-1.4914751667902149 4.1579113701020485E-11 -0.9654870775347912
-1.4855448480355822 4.633495895397428E-11 -0.9693413173652693
-1.479614529280949 5.163395970500933E-11 -0.9732264529058114
-1.473684210526316 5.75380472856899E-11 -0.977142857142857
-1.4677538917716828 6.411620199031503E-11 -0.981090909090909
-1.4618235730170497 7.144525382986232E-11 -0.9850709939148072
-1.4558932542624166 7.961077405810136E-11 -0.9890835030549898
-1.4499629355077834 8.870806773572937E-11 -0.9931288343558282
-1.4440326167531508 9.884327875641323E-11 -0.9972073921971251
-1.4381022979985176 1.1013462004691358E-10 -1.0013195876288659
-1.4321719792438845 1.2271374308662156E-10 -1.0054658385093167
-1.4262416604892514 1.3672726248609459E-10 -1.0096465696465695
-1.4203113417346183 1.5233845313758536E-10 -1.0138622129436325
-1.4143810229799851 1.6972913942318272E-10 -1.0181132075471697
-1.408450704225352 1.891017981603284E-10 -1.0224
-1.4025203854707193 2.106818994049337E-10 -1.0267230443974626
-1.3965900667160862 2.347205119466477E-10 -1.0310828025477705
-1.390659747961453 2.6149720334965834E-10 -1.0354797441364605
-1.38472942920682 2.9132326774976637E-10 -1.039914346895075
-1.3787991104521868 3.245453183522053E-10 -1.0443870967741935
-1.3728687916975537 3.615492857268099E-10 -1.0488984881209502
-1.3669384729429206 4.027648676143936E-10 -1.0534490238611713
-1.361008154188288 4.486704810924777E-10 -1.0580392156862743
-1.3550778354336548 4.997987736575123E-10 -1.0626695842450764
-1.3491475166790217 5.567427561285242E-10 -1.0673406593406591
-1.3432171979243885 6.201626273349161E-10 -1.0720529801324503
-1.3372868791697554 6.907933683980457E-10 -1.0768070953436806
-1.3313565604151223 7.694531931400909E-10 -1.0816035634743875
-1.3254262416604892 8.570529508521946E-10 -1.0864429530201343
-1.3194959229058565 9.54606588435415E-10 -1.091325842696629
-1.3135656041512234 1.0632427909130287E-9 -1.0962528216704286
-1.3076352853965902 1.1842179326350322E-9 -1.1012244897959182
-1.3017049666419571 1.3189304863038324E-9 -1.1062414578587698
-1.295774647887324 1.4689370534091413E-9 -1.111304347826087
-1.2898443291326909 1.6359701979532133E-9 -1.1164137931034483
-1.2839140103780577 1.8219582856782824E-9 -1.1215704387990761
-1.277983691623425 2.029047553602332E-9 -1.1267749419953592
-1.272053372868792 2.2596266597779942E-9 -1.1320279720279718
-1.2661230541141588 2.5163539910910207E-9 -1.1373302107728336
-1.2601927353595257 2.8021880379185486E-9 -1.1426823529411763
-1.2542624166048926 3.120421178916647E-9 -1.1480851063829787
-1.2483320978502594 3.47471725748237E-9 -1.15353919239905
-1.2424017790956263 3.869153373960759E-9 -1.1590453460620525
-1.2364714603409936 4.308266364911382E-9 -1.1646043165467623
-1.2305411415863605 4.797104493233082E-9 -1.1702168674698792
-1.2246108228317274 5.341284931247824E-9 -1.1758837772397093
-1.2186805040770943 5.947057683606596E-9 -1.1816058394160582
-1.2127501853224611 6.621376668814081E-9 -1.1873838630806846
-1.206819866567828 7.3719787580643885E-9 -1.1932186732186731
-1.200889547813195 8.207471658813819E-9 -1.199111111111111
-1.1949592290585622 9.137431629060898E-9 -1.2050620347394536
-1.189028910303929 1.0172512117737157E-8 -1.2110723192019948
-1.183098591549296 1.132456454813097E-8 -1.2171428571428569
-1.1771682727946629 1.2606772596198033E-8 -1.2232745591939544
-1.1712379540400297 1.403380146542744E-8 -1.2294683544303797
-1.1653076352853966 1.5621963826264097E-8 -1.2357251908396947
-1.1593773165307635 1.738940427274576E-8 -1.2420460358056267
-1.1534469977761308 1.935630435400347E-8 -1.2484318766066833
-1.1475166790214977 2.15451104658219E-8 -1.2548837209302321
-1.1415863602668646 2.398078714002797E-8 -1.261402597402597
-1.1356560415122314 2.6691098549805693E-8 -1.2679895561357701
-1.1297257227575983 2.970692136015359E-8 -1.2746456692913384
-1.1237954040029652 3.3062592397966445E-8 -1.281372031662269
-1.117865085248332 3.67962949993583E-8 -1.2881697612732095
-1.111934766493699 4.0950488316973E-8 -1.29504
-1.1060044477390663 4.55723843417226E-8 -1.301983914209115
-1.1000741289844331 5.071447791671606E-8 -1.3090026954177894
-1.0941438102298 5.643513560170015E-8 -1.3160975609756096
-1.0882134914751669 6.279924989034498E-8 -1.3232697547683923
-1.0822831727205338 6.987896599704966E-8 -1.3305205479452054
-1.0763528539659006 7.77544892222412E-8 -1.3378512396694215
-1.0704225352112675 8.651498178383112E-8 -1.345263157894737
-1.0644922164566348 9.625955897692448E-8 -1.3527576601671305
-1.0585618977020017 1.070983956043908E-7 -1.3603361344537812
-1.0526315789473686 1.1915395481895693E-7 -1.3679999999999997
-1.0467012601927355 1.3256235284574773E-7 -1.3757507082152973
-1.0407709414381023 1.474748745267056E-7 -1.3835897435897435
-1.0348406226834692 1.640596562605962E-7 -1.3915186246418338
-1.028910303928836 1.8250355472152445E-7 -1.3995389048991356
-1.0229799851742034 2.0301422174405542E-7 -1.407652173913043
-1.0170496664195703 2.2582240798517115E-7 -1.4158600583090375
-1.0111193476649372 2.5118452043565857E-7 -1.4241642228739
-1.005189028910304 2.7938546158181736E-7 -1.4325663716814157
-0.9992587101556709 3.107417810410433E-7 -1.4410682492581601
-0.9933283914010378 3.456051738433083E-7 -1.4496716417910447
-0.9873980726464047 3.843663632395743E-7 -1.4583783783783784
-0.981467753891772 4.274594100261531E-7 -1.4671903323262834
-0.9755374351371389 4.753664949233936E-7 -1.4761094224924007
-0.9696071163825057 5.286232255847479E-7 -1.4851376146788988
-0.9636767976278726 5.878245253900333E-7 -1.4942769230769228
-0.9577464788732395 6.536311673518097E-7 -1.5035294117647058
-0.9518161601186064 7.267770232994153E-7 -1.5128971962616822
-0.9458858413639732 8.080771060711463E-7 -1.522382445141066
-0.9399555226093406 8.98436490818364E-7 -1.5319873817034695
-0.9340252038547074 9.988602107910044E-7 -1.5417142857142851
-0.9280948851000743 1.110464233225915E-6 -1.5515654952076674
-0.9221645663454412 1.2344876323011816E-6 -1.5615434083601283
-0.9162342475908081 1.372306088665404E-6 -1.5716504854368931
-0.910303928836175 1.5254468589267036E-6 -1.5818892508143323
-0.9043736100815418 1.6956053738310656E-6 -1.5922622950819671
-0.8984432913269091 1.8846636408265915E-6 -1.6027722772277222
-0.892512972572276 2.09471064546825E-6 -1.6134219269102985
-0.8865826538176429 2.3280649668527813E-6 -1.624214046822742
-0.8806523350630098 2.5872998451905692E-6 -1.6351515151515148
-0.8747220163083766 2.8752709649463395E-6 -1.6462372881355931
-0.8687916975537435 3.195147244962114E-6 -1.6574744027303754
-0.8628613787991104 3.5504449578876904E-6 -1.6688659793814433
-0.8569310600444777 3.945065535387336E-6 -1.680415224913494
-0.8510007412898446 4.383337453297887E-6 -1.692125435540069
-0.8450704225352115 4.870062632547693E-6 -1.7039999999999995
-0.8391401037805784 5.410567837608908E-6 -1.7160424028268548
-0.8332097850259452 6.0107616049883445E-6 -1.728256227758007
-0.8272794662713121 6.677197290248987E-6 -1.7406451612903224
-0.821349147516679 7.417142883827743E-6 -1.7532129963898917
-0.8154188287620463 8.238658314059539E-6 -1.7659636363636355
-0.8094885100074132 9.150681030975609E-6 -1.7789010989010983
-0.80355819125278 1.0163120747318947E-5 -1.7920295202952023
-0.7976278724981469 1.1286964304585516E-5 -1.8053531598513006
-0.7916975537435138 1.2534391732603362E-5 -1.8188764044943817
-0.7857672349888807 1.3918904682132396E-5 -1.8326037735849054
-0.7798369162342476 1.545546853222335E-5 -1.8465399239543727
-0.7739065974796144 1.7160669608730417E-5 -1.860689655172414
-0.7679762787249818 1.905288909864872E-5 -1.8750579150579143
-0.7620459599703486 2.1152495408181258E-5 -1.8896498054474702
-0.7561156412157155 2.3482056892090322E-5 -1.9044705882352937
-0.7501853224610824 2.6066577079553276E-5 -1.9195256916996044
-0.7442550037064493 2.893375473916548E-5 -1.934820717131474
-0.7383246849518161 3.2114271364819414E-5 -1.9503614457831324
-0.732394366197183 3.5642108927016436E-5 -1.9661538461538464
-0.7264640474425503 3.9554901023002554E-5 -1.9822040816326523
-0.7205337286879172 4.3894320876431725E-5 -1.9985185185185177
-0.7146034099332841 4.870650998573857E-5 -2.0151037344398333
-0.708673091178651 5.4042551602973586E-5 -2.0319665271966523
-0.7027427724240178 5.995899364469901E-5 -2.0491139240506326
-0.6968124536693847 6.651842609711991E-5 -2.0665531914893616
-0.6908821349147516 7.379011848268212E-5 -2.0842918454935626
-0.6849518161601189 8.185072350897698E-5 -2.1023376623376615
-0.6790214974054858 9.078505362735586E-5 -2.120698689956331
-0.6730911786508527 1.0068693789294564E-4 -2.139383259911894
-0.6671608598962195 1.1166016724492133E-4 -2.1583999999999994
-0.6612305411415864 1.2381953712149805E-4 -2.177757847533632
-0.6553002223869533 1.3729199719414719E-4 -2.197466063348416
-0.6493699036323202 1.5221791895647958E-4 -2.2175342465753425
-0.6434395848776875 1.6875249294200697E-4 -2.2379723502304136
-0.6375092661230544 1.8706726847904145E-4 -2.2587906976744176
-0.6315789473684212 2.0735185012829465E-4 -2.2799999999999994
-0.6256486286137881 2.2981576629781773E-4 -2.3016113744075826
-0.619718309859155 2.546905269998753E-4 -2.3236363636363633
-0.6137879911045219 2.8223188931484564E-4 -2.3460869565217393
-0.6078576723498887 3.1272235086855137E-4 -2.368975609756098
-0.6019273535952561 3.464738935224179E-4 -2.3923152709359594
-0.5959970348406229 3.838310015319865E-4 -2.4161194029850734
-0.5900667160859898 4.2517398066061374E-4 -2.44040201005025
-0.5841363973313567 4.7092260715426705E-4 -2.4651776649746187
-0.5782060785767236 5.21540138103292E-4 -2.4904615384615383
-0.5722757598220904 5.775377175514615E-4 -2.516269430051813
-0.5663454410674573 6.394792157754951E-4 -2.5426178010471205
-0.5604151223128246 7.079865424638092E-4 -2.5695238095238078
-0.5544848035581915 7.837454780859803E-4 -2.5970053475935817
-0.5485544848035584 8.675120715786593E-4 -2.62508108108108
-0.5426241660489253 9.601196565937314E-4 -2.653770491803278
-0.5366938472942921 0.0010624865429741115 -2.683093922651933
-0.530763528539659 0.0011756244448547237 -2.7130726256983237
-0.5248332097850259 0.0013006477118427833 -2.743728813559322
-0.5189028910303932 0.0014387834351227693 -2.7750857142857126
-0.5129725722757601 0.0015913825060655477 -2.8071676300578017
-0.507042253521127 0.0017599317110033323 -2.8399999999999985
-0.5011119347664938 0.0019460669522642906 -2.8736094674556205
-0.4951816160118607 0.0021515876923398672 -2.9080239520958076
-0.4892512972572276 0.0023784727251759635 -2.943272727272727
-0.4833209785025945 0.0026288973860207534 -2.979386503067485
-0.4773906597479618 0.002905252319003447 -3.016397515527948
-0.4714603409933287 0.003210163929625951 -3.0543396226415074
-0.46553002223869555 0.0035465166575769243 -3.0932484076433107
-0.4595997034840624 0.003917477213664409 -3.1331612903225796
-0.4536693847294293 0.004326520933130544 -3.174117647058823
-0.4477390659747962 0.004777460406060507 -3.2161589403973507
-0.44180874722016306 0.005274476553903807 -3.259328859060403
-0.4358784284655304 0.0058221523291358355 -3.303673469387752
-0.42994810971089725 0.006425509222613682 -3.3492413793103424
-0.42401779095626413 0.007090046769994101 -3.396083916083914
-0.418087472201631 0.007821785254407845 -3.4442553191489345
-0.4121571534469979 0.008627311807091899 -3.4938129496402865
-0.40622683469236476 0.009513830110473817 -3.5448175182481747
-0.40029651593773163 0.010489213908808689 -3.5973333333333333
-0.39436619718309895 0.011562064529330215 -3.651428571428568
-0.38843587842846583 0.012741772611331212 -3.707175572519081
-0.3825055596738327 0.014038584230856013 -3.7646511627906953
-0.3765752409191996 0.015463671593850271 -3.823937007874014
-0.37064492216456646 0.017029208449596562 -3.885119999999999
-0.36471460340993334 0.018748450347806832 -3.948292682926829
-0.3587842846553002 0.020635819825373103 -4.013553719008264
-0.3528539659006671 0.022706996560778573 -4.081008403361345
-0.3469236471460344 0.024979012473542655 -4.150769230769227
-0.3409933283914013 0.02747035167049086 -4.222956521739127
-0.33506300963676816 0.030201055047403783 -4.297699115044245
-0.32913269088213504 0.03319282924057921 -4.3751351351351335
-0.3232023721275019 0.03646915948441206 -4.4554128440366965
-0.3172720533728688 0.0400554257640649 -4.5386915887850465
-0.31134173461823567 0.04397902145182116 -4.625142857142858
-0.305411415863603 0.04826947337618944 -4.714951456310675
-0.29948109710896986 0.05295856198780752 -4.808316831683164
-0.29355077835433674 0.058080439948243245 -4.905454545454542
-0.2876204595997036 0.06367174706834591 -5.006597938144328
-0.2816901408450705 0.06977171905201339 -5.111999999999998
-0.27575982209043737 0.07642228694778583 -5.2219354838709675
-0.26982950333580424 0.08366816356154338 -5.3367032967032975
-0.26389918458117156 0.0915569123238363 -5.456629213483139
-0.25796886582653844 0.1001389932178716 -5.5820689655172355
-0.2520385470719053 0.10946777933926564 -5.713411764705878
-0.2461082283172722 0.1195995364538193 -5.851084337349394
-0.24017790956263907 0.13059335651897844 -5.995555555555553
-0.23424759080800595 0.14251103450875918 -6.147341772151898
-0.22831727205337282 0.15541687599693438 -6.307012987012988
-0.22238695329874014 0.16937742077051354 -6.47519999999999
-0.21645663454410702 0.18446106522077793 -6.652602739726019
-0.2105263157894739 0.20073756334179746 -6.839999999999993
-0.20459599703484077 0.21827738279869752 -7.038260869565212
-0.19866567828020765 0.2371508886439776 -7.248358208955221
-0.19273535952557452 0.25742732278456687 -7.471384615384614
-0.1868050407709414 0.27917354214901835 -7.70857142857143
-0.18087472201630872 0.30245247257511976 -7.961311475409821
-0.1749444032616756 0.32732122862119845 -8.231186440677952
-0.16901408450704247 0.3538288416716871 -8.519999999999989
-0.16308376575240935 0.3820135297132417 -8.829818181818172
-0.15715344699777622 0.4118994318354532 -9.163018867924523
-0.1512231282431431 0.44349271867007395 -9.522352941176468
-0.14529280948850998 0.47677697640796995 -9.911020408163267
-0.1393624907338773 0.5117077464762548 -10.332765957446782
-0.13343217197924417 0.5482060851365805 -10.791999999999977
-0.12750185322461105 0.5861509868561253 -11.293953488372072
-0.12157153446997793 0.6253704919354227 -11.84487804878047
-0.1156412157153448 0.6656312721274703 -12.45230769230768
-0.10971089696071168 0.7066264573627182 -13.1254054054054
-0.10378057820607856 0.7479614316417041 -13.875428571428573
-0.09785025945144588 0.7891372860185756 -14.716363636363582
-0.09191994069681275 0.8295315706119929 -15.665806451612852
-0.08598962194217963 0.8683759348444917 -16.746206896551676
-0.0800593031875465 0.9047301845471767 -17.986666666666626
-0.07412898443291338 0.9374522148477689 -19.42559999999997
-0.06819866567828026 0.9651631972039333 -21.114782608695638
-0.06226834692364713 0.9862073053113277 -23.125714285714288
-0.056338028169014454 0.9986051547276321 -25.55999999999983
-0.05040770941438133 0.999999999999962 -28.567058823529237
-0.044477390659748206 0.9875955724694959 -32.37599999999982
-0.03854707190511508 0.9580842356491208 -37.3569230769229
-0.03261675315048196 0.9075638480840957 -44.149090909090745
-0.026686434395848835 0.8314412683192511 -53.95999999999988
-0.02075611564121571 0.7243195553634187 -69.37714285714287
-0.014825796886582587 0.5798636726097153 -97.12800000000043
-0.008895478131949908 0.39063112934078686 -161.87999999999425
-0.002965159377316784 0.14778680814290646 -485.63999999995855
0.00296515937731634 -0.14778680814285988 -485.64000000003125
0.00889547813194902 -0.39063112934074967 -161.88000000001043
0.014825796886582587 -0.579863672609688 -97.12800000000043
0.020756115641215267 -0.724319555363403 -69.37714285714435
0.026686434395848835 -0.8314412683192468 -53.95999999999988
0.032616753150481514 -0.9075638480841026 -44.14909090909135
0.03854707190511508 -0.9580842356491384 -37.3569230769229
0.04447739065974776 -0.9875955724695241 -32.37600000000015
0.05040770941438044 -1.0 -28.56705882352974
0.05633802816901401 -0.9986051547276792 -25.560000000000034
0.06226834692364669 -0.9862073053113831 -23.125714285714455
0.06819866567828026 -0.9651631972039965 -21.114782608695638
0.07412898443291294 -0.9374522148478395 -19.425600000000088
0.0800593031875465 -0.9047301845472544 -17.986666666666626
0.08598962194217918 -0.8683759348445763 -16.746206896551765
0.09191994069681186 -0.8295315706120836 -15.665806451613003
0.09785025945144543 -0.7891372860186726 -14.71636363636365
0.10378057820607811 -0.7479614316418071 -13.875428571428634
0.10971089696071168 -0.7066264573628269 -13.1254054054054
0.11564121571534436 -0.6656312721275848 -12.452307692307729
0.12157153446997793 -0.6253704919355433 -11.84487804878047
0.1275018532246106 -0.586150986856252 -11.293953488372113
0.13343217197924329 -0.5482060851367135 -10.792000000000048
0.13936249073387685 -0.5117077464763946 -10.332765957446815
0.14529280948850953 -0.4767769764081168 -9.911020408163298
0.1512231282431431 -0.44349271867022844 -9.522352941176468
0.15715344699777578 -0.4118994318356158 -9.16301886792455
0.16308376575240935 -0.382013529713413 -8.829818181818172
0.16901408450704203 -0.353828841671868 -8.52000000000001
0.1749444032616747 -0.32732122862138985 -8.231186440677995
0.18087472201630828 -0.30245247257532254 -7.961311475409841
0.18680504077094096 -0.2791735421492337 -7.708571428571449
0.19273535952557452 -0.25742732278479596 -7.471384615384614
0.1986656782802072 -0.23715088864422168 -7.248358208955237
0.20459599703484077 -0.21827738279895803 -7.038260869565212
0.21052631578947345 -0.20073756334207601 -6.840000000000007
0.21645663454410702 -0.18446106522107636 -6.652602739726019
0.2223869532987397 -0.1693774207708337 -6.475200000000003
0.22831727205337238 -0.1554168759972784 -6.3070129870130005
0.23424759080800595 -0.1425110345091294 -6.147341772151898
0.24017790956263863 -0.13059335651937737 -5.995555555555565
0.2461082283172722 -0.11959953645418463 -5.851084337349394
0.2520385470719049 -0.10946777933960003 -5.713411764705888
0.25796886582653844 -0.10013899321817749 -5.5820689655172355
0.2638991845811711 -0.09155691232411597 -5.456629213483148
0.2698295033358038 -0.08366816356179896 -5.336703296703306
0.27575982209043737 -0.07642228694801927 -5.2219354838709675
0.28169014084507005 -0.06977171905222652 -5.112000000000006
0.2876204595997036 -0.06367174706854041 -5.006597938144328
0.2935507783543363 -0.05808043994842066 -4.90545454545455
0.29948109710896986 -0.052958561987969284 -4.808316831683164
0.30541141586360254 -0.048269473376336886 -4.714951456310682
0.3113417346182352 -0.043979021451955494 -4.6251428571428645
0.3172720533728688 -0.040055425764187254 -4.5386915887850465
0.32320237212750147 -0.03646915948452346 -4.455412844036703
0.32913269088213504 -0.0331928292406806 -4.3751351351351335
0.3350630096367677 -0.03020105504749604 -4.297699115044251
0.3409933283914013 -0.027470351670574773 -4.222956521739127
0.34692364714603396 -0.02497901247361896 -4.1507692307692325
0.35285396590066664 -0.022706996560847934 -4.08100840336135
0.3587842846553002 -0.02063581982543614 -4.013553719008264
0.3647146034099329 -0.018748450347864102 -3.948292682926833
0.37064492216456646 -0.017029208449648583 -3.885119999999999
0.37657524091919914 -0.01546367159389751 -3.8239370078740182
0.3825055596738327 -0.014038584230898897 -3.7646511627906953
0.3884358784284654 -0.012741772611370134 -3.7071755725190854
0.39436619718309807 -0.011562064529365533 -3.651428571428576
0.40029651593773163 -0.010489213908840729 -3.5973333333333333
0.4062268346923643 -0.009513830110502879 -3.5448175182481787
0.4121571534469979 -0.008627311807118255 -3.4938129496402865
0.41808747220163056 -0.007821785254431737 -3.4442553191489385
0.42401779095626413 -0.007090046770015759 -3.396083916083914
0.4299481097108968 -0.00642550922263331 -3.349241379310346
0.4358784284655295 -0.00582215232915362 -3.303673469387759
0.44180874722016306 -0.005274476553919918 -3.259328859060403
0.44773906597479574 -0.0047774604060751005 -3.216158940397354
0.4536693847294293 -0.00432652093314376 -3.174117647058823
0.459599703484062 -0.003917477213676376 -3.1331612903225823
0.46553002223869555 -0.0035465166575877577 -3.0932484076433107
0.47146034099332823 -0.0032101639296357575 -3.0543396226415105
0.4773906597479609 -0.002905252319012322 -3.0163975155279537
0.4833209785025945 -0.0026288973860287834 -2.979386503067485
0.48925129725722716 -0.0023784727251832294 -2.9432727272727295
0.4951816160118607 -0.0021515876923464397 -2.9080239520958076
0.5011119347664934 -0.0019460669522702353 -2.8736094674556227
0.507042253521127 -0.0017599317110087085 -2.8399999999999985
0.5129725722757597 -0.0015913825060704088 -2.8071676300578043
0.5189028910303923 -0.0014387834351271642 -2.775085714285717
0.5248332097850259 -0.0013006477118467563 -2.743728813559322
0.5307635285396586 -0.0011756244448583148 -2.713072625698326
0.5366938472942921 -0.001062486542977357 -2.683093922651933
0.5426241660489248 -9.601196565966641E-4 -2.65377049180328
0.5485544848035584 -8.675120715813092E-4 -2.62508108108108
0.5544848035581911 -7.837454780883744E-4 -2.5970053475935835
0.5604151223128238 -7.079865424659718E-4 -2.569523809523812
0.5663454410674573 -6.394792157774485E-4 -2.5426178010471205
0.57227575982209 -5.775377175532258E-4 -2.5162694300518154
0.5782060785767236 -5.215401381048851E-4 -2.4904615384615383
0.5841363973313562 -4.7092260715570557E-4 -2.4651776649746204
0.5900667160859898 -4.251739806619125E-4 -2.44040201005025
0.5959970348406225 -3.83831001533159E-4 -2.416119402985075
0.6019273535952552 -3.4647389352347627E-4 -2.392315270935963
0.6078576723498887 -3.1272235086950666E-4 -2.368975609756098
0.6137879911045214 -2.8223188931570775E-4 -2.3460869565217406
0.619718309859155 -2.546905270006533E-4 -2.3236363636363633
0.6256486286137877 -2.2981576629851975E-4 -2.301611374407584
0.6315789473684212 -2.0735185012892804E-4 -2.2799999999999994
0.6375092661230539 -1.8706726847961288E-4 -2.2587906976744194
0.6434395848776866 -1.6875249294252245E-4 -2.2379723502304167
0.6493699036323202 -1.5221791895694454E-4 -2.2175342465753425
0.6553002223869528 -1.3729199719456656E-4 -2.1974660633484175
0.6612305411415864 -1.2381953712187627E-4 -2.177757847533632
0.6671608598962191 -1.1166016724526242E-4 -2.1584000000000008
0.6730911786508527 -1.0068693789325322E-4 -2.139383259911894
0.6790214974054853 -9.078505362763318E-5 -2.1206986899563325
0.684951816160118 -8.185072350922701E-5 -2.102337662337664
0.6908821349147516 -7.379011848290752E-5 -2.0842918454935626
0.6968124536693843 -6.65184260973231E-5 -2.066553191489363
0.7027427724240178 -5.9958993644882165E-5 -2.0491139240506326
0.7086730911786505 -5.404255160313866E-5 -2.0319665271966536
0.7146034099332841 -4.870650998588736E-5 -2.0151037344398333
0.7205337286879168 -4.389432087656581E-5 -1.998518518518519
0.7264640474425494 -3.955490102312339E-5 -1.9822040816326547
0.732394366197183 -3.564210892712531E-5 -1.9661538461538464
0.7383246849518157 -3.2114271364917514E-5 -1.9503614457831338
0.7442550037064493 -2.8933754739253864E-5 -1.934820717131474
0.7501853224610819 -2.6066577079632904E-5 -1.9195256916996055
0.7561156412157155 -2.3482056892162053E-5 -1.9044705882352937
0.7620459599703482 -2.1152495408245873E-5 -1.8896498054474713
0.7679762787249809 -1.9052889098706923E-5 -1.8750579150579165
0.7739065974796144 -1.716066960878284E-5 -1.860689655172414
0.7798369162342471 -1.545546853227056E-5 -1.8465399239543736
0.7857672349888807 -1.3918904682174912E-5 -1.8326037735849054
0.7916975537435134 -1.253439173264165E-5 -1.8188764044943828
0.7976278724981469 -1.1286964304619996E-5 -1.8053531598513006
0.8035581912527796 -1.016312074734999E-5 -1.7920295202952035
0.8094885100074123 -9.15068103100356E-6 -1.7789010989011003
0.8154188287620459 -8.238658314084706E-6 -1.7659636363636366
0.8213491475166785 -7.4171428838504E-6 -1.7532129963898926
0.8272794662713121 -6.677197290269384E-6 -1.7406451612903224
0.8332097850259448 -6.010761605006706E-6 -1.7282562277580078
0.8391401037805784 -5.410567837625436E-6 -1.7160424028268548
0.845070422535211 -4.87006263256257E-6 -1.7040000000000004
0.8510007412898437 -4.383337453311277E-6 -1.6921254355400708
0.8569310600444773 -3.945065535399387E-6 -1.680415224913495
0.86286137879911 -3.5504449578985354E-6 -1.6688659793814442
0.8687916975537435 -3.1951472449718737E-6 -1.6574744027303754
0.8747220163083762 -2.875270964955122E-6 -1.6462372881355938
0.8806523350630098 -2.5872998451984725E-6 -1.6351515151515148
0.8865826538176425 -2.3280649668598926E-6 -1.6242140468227428
0.8925129725722751 -2.094710645474649E-6 -1.6134219269103
0.8984432913269087 -1.8846636408323483E-6 -1.6027722772277229
0.9043736100815414 -1.6956053738362452E-6 -1.592262295081968
0.910303928836175 -1.5254468589313635E-6 -1.5818892508143323
0.9162342475908076 -1.3723060886695959E-6 -1.5716504854368938
0.9221645663454412 -1.2344876323049526E-6 -1.5615434083601283
0.9280948851000739 -1.1104642332293072E-6 -1.551565495207668
0.9340252038547074 -9.988602107940556E-7 -1.5417142857142851
0.9399555226093401 -8.984364908211085E-7 -1.5319873817034702
0.9458858413639728 -8.080771060736148E-7 -1.5223824451410666
0.9518161601186064 -7.267770233016354E-7 -1.5128971962616822
0.957746478873239 -6.536311673538064E-7 -1.5035294117647064
0.9636767976278726 -5.878245253918289E-7 -1.4942769230769228
0.9696071163825053 -5.286232255863627E-7 -1.4851376146788995
0.9755374351371389 -4.7536649492484567E-7 -1.4761094224924007
0.9814677538917715 -4.274594100274588E-7 -1.467190332326284
0.9873980726464042 -3.8436636324074845E-7 -1.458378378378379
0.9933283914010378 -3.45605173844364E-7 -1.4496716417910447
0.9992587101556705 -3.107417810419925E-7 -1.4410682492581608
1.005189028910304 -2.793854615826708E-7 -1.4325663716814157
1.0111193476649367 -2.511845204364259E-7 -1.4241642228739007
1.0170496664195703 -2.2582240798586098E-7 -1.4158600583090375
1.022979985174203 -2.0301422174467556E-7 -1.4076521739130436
1.0289103039288356 -1.8250355472208196E-7 -1.399538904899136
1.0348406226834692 -1.6405965626109732E-7 -1.3915186246418338
1.040770941438102 -1.474748745271561E-7 -1.3835897435897442
1.0467012601927355 -1.3256235284615264E-7 -1.3757507082152973
1.0526315789473681 -1.191539548193209E-7 -1.3680000000000003
1.0585618977020017 -1.0709839560471796E-7 -1.3603361344537812
1.0644922164566344 -9.625955897721854E-8 -1.3527576601671312
1.070422535211267 -8.65149817840954E-8 -1.3452631578947374
1.0763528539659006 -7.775448922247873E-8 -1.3378512396694215
1.0822831727205333 -6.987896599726313E-8 -1.330520547945206
1.0882134914751669 -6.27992498905368E-8 -1.3232697547683923
1.0941438102297996 -5.6435135601872544E-8 -1.31609756097561
1.1000741289844331 -5.071447791687098E-8 -1.3090026954177894
1.1060044477390658 -4.557238434186181E-8 -1.3019839142091154
1.1119347664936985 -4.095048831709809E-8 -1.2950400000000006
1.117865085248332 -3.6796294999470696E-8 -1.2881697612732095
1.1237954040029647 -3.3062592398067434E-8 -1.2813720316622697
1.1297257227575983 -2.9706921360244334E-8 -1.2746456692913384
1.135656041512231 -2.6691098549887224E-8 -1.2679895561357706
1.1415863602668646 -2.398078714010122E-8 -1.261402597402597
1.1475166790214972 -2.1545110465887713E-8 -1.2548837209302326
1.15344699777613 -1.9356304354062597E-8 -1.2484318766066844
1.1593773165307635 -1.7389404272798883E-8 -1.2420460358056267
1.1653076352853962 -1.562196382631182E-8 -1.2357251908396951
1.1712379540400297 -1.4033801465470308E-8 -1.2294683544303797
1.1771682727946624 -1.2606772596236544E-8 -1.223274559193955
1.183098591549296 -1.1324564548165563E-8 -1.2171428571428569
1.1890289103039287 -1.0172512117768231E-8 -1.2110723192019952
1.1949592290585613 -9.13743162908881E-9 -1.2050620347394547
1.200889547813195 -8.20747165883889E-9 -1.199111111111111
1.2068198665678276 -7.3719787580869085E-9 -1.1932186732186736
1.2127501853224611 -6.621376668834307E-9 -1.1873838630806846
1.2186805040770938 -5.947057683624762E-9 -1.1816058394160587
1.2246108228317274 -5.34128493126414E-9 -1.1758837772397093
1.23054114158636 -4.797104493247735E-9 -1.1702168674698796
1.2364714603409928 -4.308266364924542E-9 -1.164604316546763
1.2424017790956263 -3.8691533739725774E-9 -1.1590453460620525
1.248332097850259 -3.4747172574929843E-9 -1.1535391923990503
1.2542624166048926 -3.1204211789261787E-9 -1.1480851063829787
1.2601927353595253 -2.8021880379271083E-9 -1.1426823529411767
1.2661230541141588 -2.5163539910987073E-9 -1.1373302107728336
1.2720533728687915 -2.2596266597848966E-9 -1.1320279720279722
1.2779836916234242 -2.02904755360853E-9 -1.12677494199536
1.2839140103780577 -1.8219582856838479E-9 -1.1215704387990761
1.2898443291326904 -1.6359701979582105E-9 -1.1164137931034486
1.295774647887324 -1.4689370534136286E-9 -1.111304347826087
1.3017049666419567 -1.3189304863078612E-9 -1.1062414578587703
1.3076352853965902 -1.1842179326386497E-9 -1.1012244897959182
1.313565604151223 -1.0632427909162764E-9 -1.096252821670429
1.3194959229058556 -9.546065884383308E-10 -1.0913258426966297
1.3254262416604892 -8.570529508548126E-10 -1.0864429530201343
1.3313565604151218 -7.694531931424414E-10 -1.081603563474388
1.3372868791697554 -6.907933684001558E-10 -1.0768070953436806
1.343217197924388 -6.201626273368104E-10 -1.0720529801324505
1.3491475166790217 -5.567427561302249E-10 -1.0673406593406591
1.3550778354336543 -4.997987736590391E-10 -1.0626695842450766
1.361008154188287 -4.486704810938482E-10 -1.058039215686275
1.3669384729429206 -4.0276486761562386E-10 -1.0534490238611713
1.3728687916975533 -3.615492857279143E-10 -1.0488984881209507
1.3787991104521868 -3.245453183531967E-10 -1.0443870967741935
1.3847294292068195 -2.9132326775065626E-10 -1.0399143468950751
1.390659747961453 -2.6149720335045714E-10 -1.0354797441364605
1.3965900667160858 -2.3472051194736467E-10 -1.0310828025477707
1.4025203854707184 -2.1068189940557723E-10 -1.0267230443974633
1.408450704225352 -1.8910179816090603E-10 -1.0224
1.4143810229799847 -1.6972913942370119E-10 -1.0181132075471702
1.4203113417346183 -1.523384531380507E-10 -1.0138622129436325
1.426241660489251 -1.3672726248651226E-10 -1.00964656964657
1.4321719792438845 -1.227137430869964E-10 -1.0054658385093167
1.4381022979985172 -1.1013462004725001E-10 -1.001319587628866
1.4440326167531499 -9.884327875671515E-11 -0.9972073921971256
1.4499629355077834 -8.870806773600035E-11 -0.9931288343558282
1.4558932542624161 -7.961077405834456E-11 -0.9890835030549902
1.4618235730170497 -7.144525383008056E-11 -0.9850709939148072
1.4677538917716824 -6.411620199051089E-11 -0.9810909090909093
1.473684210526316 -5.753804728586566E-11 -0.977142857142857
1.4796145292809486 -5.1633959705167056E-11 -0.9732264529058118
1.4855448480355813 -4.6334958954115816E-11 -0.9693413173652699
1.4914751667902149 -4.157911370114749E-11 -0.9654870775347912
1.4974054855448475 -3.7310822370716586E-11 -0.961663366336634
1.503335804299481 -3.3480167194471154E-11 -0.957869822485207
1.5092661230541138 -3.004233407190601E-11 -0.9541060903732811
1.5151964418087474 -2.6957091547886727E-11 -0.950371819960861
1.52112676056338 -2.4188322893715263E-11 -0.9466666666666668
1.5270570793180127 -2.170360588888963E-11 -0.9429902912621363
1.5329873980726463 -1.9473835449347552E-11 -0.9393423597678917
1.538917716827279 -1.7472884741026165E-11 -0.9357225433526014
1.5448480355819125 -1.5677300860638427E-11 -0.932130518234165
1.5507783543365452 -1.4066031563715045E-11 -0.9285659655831742
1.5567086730911788 -1.2620179877732276E-11 -0.9250285714285713
1.5626389918458115 -1.1322783759626861E-11 -0.921518026565465
1.5685693106004441 -1.0158618245862062E-11 -0.9180340264650287
1.5744996293550777 -9.114017802756055E-12 -0.9145762711864407
1.5804299481097104 -8.176716817984012E-12 -0.9111444652908071
1.586360266864344 -7.335706383687352E-12 -0.9077383177570093
1.5922905856189766 -6.581105709866576E-12 -0.9043575418994415
1.5982209043736102 -5.904046675854543E-12 -0.9010018552875695
1.6041512231282429 -5.296570179603615E-12 -0.8976709796672829
1.6100815418828756 -4.751533081015043E-12 -0.8943646408839783
1.6160118606375091 -4.262524658158607E-12 -0.8910825688073395
1.6219421793921418 -3.823791605382491E-12 -0.8878244972577699
1.6278724981467754 -3.4301707012627786E-12 -0.8845901639344262
1.633802816901408 -3.0770283632259472E-12 -0.8813793103448277
1.6397331356560416 -2.7602063855181984E-12 -0.8781916817359855
1.6456634544106743 -2.475973228910674E-12 -0.8750270270270272
1.651593773165307 -2.220980294945053E-12 -0.8718850987432678
1.6575240919199405 -1.9922226753811696E-12 -0.8687656529516995
1.6634544106745732 -1.7870039194737174E-12 -0.8656684491978612
1.6693847294292068 -1.6029044083776494E-12 -0.8625932504440497
1.6753150481838395 -1.437752967899623E-12 -0.8595398230088498
1.681245366938473 -1.2896013884593523E-12 -0.8565079365079364
1.6871756856931057 -1.1567015549344185E-12 -0.8534973637961337
1.6931060044477384 -1.0374849194253295E-12 -0.8505078809106833
1.699036323202372 -9.305440772450703E-13 -0.8475392670157068
1.7049666419570046 -8.346162309242104E-13 -0.8445913043478264
1.7108969607116382 -7.48568349011819E-13 -0.8416637781629116
1.716827279466271 -6.713838461983813E-13 -0.838756476683938
1.7227575982209045 -6.021506290180261E-13 -0.8358691910499139
1.7286879169755371 -5.400503673089257E-13 -0.8330017152658663
1.7346182357301707 -4.843488659070804E-13 -0.830153846153846
1.7405485544848034 -4.3438742388548324E-13 -0.8273253833049404
1.746478873239436 -3.895750801766327E-13 -0.8245161290322583
1.7524091919940696 -3.4938165476517E-13 -0.821725888324873
1.7583395107487023 -3.1333150392909316E-13 -0.8189544688026983
1.7642698295033359 -2.809979163503567E-13 -0.8162016806722688
1.7702001482579686 -2.519980844055472E-13 -0.8134673366834172
1.7761304670126021 -2.2598859167170457E-13 -0.8107512520868112
1.7820607857672348 -2.026613637193545E-13 -0.8080532445923462
1.7879911045218675 -1.817400346845928E-13 -0.8053731343283584
1.793921423276501 -1.6297668697762114E-13 -0.8027107438016529
1.7998517420311337 -1.4614892585306833E-13 -0.8000658978583197
1.8057820607857673 -1.3105725448856105E-13 -0.7974384236453201
1.8117123795404 -1.1752271873796892E-13 -0.7948281505728315
1.8176426982950336 -1.0538479388552517E-13 -0.7922349102773245
1.8235730170496662 -9.449948856342038E-14 -0.7896585365853659
1.829503335804299 -8.473764354153143E-14 -0.7870988654781201
1.8354336545589325 -7.598340538335428E-14 -0.7845557350565429
1.8413639733135652 -6.813285701360998E-14 -0.7820289855072465
1.8472942920681987 -6.109278908431124E-14 -0.7795184590690208
1.8532246108228314 -5.477959767879948E-14 -0.7770240000000002
1.859154929577465 -4.911829537667899E-14 -0.7745454545454544
1.8650852483320977 -4.4041624034005375E-14 -0.7720826709062004
1.8710155670867303 -3.9489258828083295E-14 -0.7696354992076072
1.876945885841364 -3.540709418875161E-14 -0.7672037914691943
1.8828762045959966 -3.1746603200623146E-14 -0.7647874015748033
1.8888065233506302 -2.8464262924649965E-14 -0.762386185243328
1.8947368421052628 -2.552103886271181E-14 -0.7600000000000001
1.9006671608598964 -2.288192248474236E-14 -0.7576287051482058
1.906597479614529 -2.05155163623603E-14 -0.7552721617418352
1.9125277983691618 -1.839366201336944E-14 -0.7529302325581397
1.9184581171237953 -1.649110606439654E-14 -0.7506027820710974
1.924388435878428 -1.4785200790238303E-14 -0.7482896764252698
1.9303187546330616 -1.3255635493478634E-14 -0.7459907834101382
1.9362490733876943 -1.1884195551360073E-14 -0.7437059724349159
1.9421793921423278 -1.0654546283010869E-14 -0.7414351145038167
1.9481097108969605 -9.552039082766335E-15 -0.7391780821917808
1.9540400296515932 -8.563537527912358E-15 -0.7369347496206375
1.9599703484062267 -7.67726140480283E-15 -0.7347049924357035
1.9659006671608594 -6.882646808726469E-15 -0.7324886877828056
1.971830985915493 -6.1702206626048765E-15 -0.7302857142857142
1.9777613046701257 -5.531488169821127E-15 -0.7280959520239881
1.9836916234247592 -4.95883186920619E-15 -0.7259192825112106
1.989621942179392 -4.445421097244358E-15 -0.7237555886736216
1.9955522609340246 -3.985130785509294E-15 -0.7216047548291236
2.001482579688658 -3.572468631655151E-15 -0.7194666666666667
2.007412898443291 -3.202509781260017E-15 -0.7173412112259971
2.0133432171979244 -2.870838246616123E-15 -0.7152282768777614
2.019273535952557 -2.5734943682279245E-15 -0.7131277533039648
2.0252038547071907 -2.3069276962530257E-15 -0.7110395314787701
2.0311341734618233 -2.0679547332437755E-15 -0.7089635036496351
2.037064492216456 -1.8537210370742887E-15 -0.7068995633187775
2.0429948109710896 -1.6616672345465225E-15 -0.7048476052249637
2.0489251297257223 -1.4894985424679761E-15 -0.7028075253256152
2.054855448480356 -1.3351574345283876E-15 -0.7007792207792207
2.0607857672349885 -1.196799129563168E-15 -0.6987625899280576
2.066716085989622 -1.072769610216679E-15 -0.6967575322812051
2.0726464047442548 -9.61585911003181E-16 -0.6947639484978542
2.0785767234988874 -8.619184416611014E-16 -0.6927817403708989
2.084507042253521 -7.725751358247102E-16 -0.6908108108108109
2.0904373610081537 -6.924872366812052E-16 -0.6888510638297873
2.0963676797627873 -6.20696550696129E-16 -0.6869024045261669
2.10229799851742 -5.563440179053567E-16 -0.6849647390691115
2.1082283172720535 -4.986594628933055E-16 -0.6830379746835442
2.114158636026686 -4.469524045891543E-16 -0.6811220196353437
2.120088954781319 -4.006038155813437E-16 -0.6792167832167834
2.1260192735359524 -3.5905873292404714E-16 -0.6773221757322175
2.131949592290585 -3.2181963252098384E-16 -0.6754381084840057
2.1378799110452187 -2.884404882414902E-16 -0.6735644937586684
2.1438102297998514 -2.585214450584835E-16 -0.6717012448132781
2.149740548554485 -2.3170404279410387E-16 -0.6698482758620689
2.1556708673091176 -2.0766693360277737E-16 -0.6680055020632738
2.1616011860637503 -1.861220421906766E-16 -0.666172839506173
2.167531504818384 -1.6681112303457271E-16 -0.6643502051983584
2.1734618235730165 -1.4950267358422754E-16 -0.6625375170532062
2.17939214232765 -1.3398916666669796E-16 -0.660734693877551
2.185322461082283 -1.200845691083952E-16 -0.658941655359566
2.1912527798369164 -1.0762211699646955E-16 -0.6571583220568334
2.197183098591549 -9.64523210554544E-17 -0.6553846153846155
2.2031134173461817 -8.644117835431606E-17 -0.653620457604307
2.2090437361008153 -7.746856901561459E-17 -0.6518657718120806
2.214974054855448 -6.94268188015192E-17 -0.650120481927711
2.2209043736100815 -6.221941042708826E-17 -0.6483845126835781
2.226834692364714 -5.575982822295992E-17 -0.6466577896138483
2.2327650111193478 -4.997052235844184E-17 -0.6449402390438247
2.2386953298739805 -4.4781980260797284E-17 -0.6432317880794702
2.244625648628613 -4.013189414422495E-17 -0.641532364597094
2.2505559673832467 -3.5964414707794405E-17 -0.6398418972332016
2.2564862861378794 -3.222948208904238E-17 -0.6381603153745073
2.262416604892513 -2.8882226081265956E-17 -0.6364875491480996
2.2683469236471456 -2.588242844871651E-17 -0.6348235294117648
2.274277242401779 -2.3194040914725746E-17 -0.6331681877444589
2.280207561156412 -2.078475306208963E-17 -0.6315214564369311
2.2861378799110446 -1.8625604980698173E-17 -0.6298832684824904
2.292068198665678 -1.6690640031514298E-17 -0.6282535575679172
2.297998517420311 -1.4956593574927305E-17 -0.6266322580645163
2.3039288361749444 -1.3402613940935207E-17 -0.625019305019305
2.309859154929577 -1.2010012303656176E-17 -0.6234146341463416
2.3157894736842106 -1.0762038467916059E-17 -0.6218181818181818
2.3217197924388433 -9.643679885217132E-18 -0.6202298850574713
2.327650111193476 -8.641481493949416E-18 -0.6186496815286626
2.3335804299481095 -7.743384227565543E-18 -0.6170775095298603
2.3395107487027422 -6.938580257568552E-18 -0.615513307984791
2.345441067457376 -6.217383238217252E-18 -0.6139570164348925
2.3513713862120085 -5.5711119992203696E-18 -0.6124085750315259
2.357301704966642 -4.99198629350637E-18 -0.6108679245283019
2.3632320237212747 -4.473033351338042E-18 -0.6093350062735258
2.3691623424759074 -4.008004121308668E-18 -0.6078097622027536
2.375092661230541 -3.591298194651682E-18 -0.6062921348314607
2.3810229799851736 -3.2178965132004542E-18 -0.6047820672478208
2.386953298739807 -2.8833010544889645E-18 -0.6032795031055901
2.39288361749444 -2.58348077099911E-18 -0.6017843866171004
2.3988139362490735 -2.3148231354329642E-18 -0.6002966625463535
2.404744255003706 -2.074090711012211E-18 -0.5988162762022196
2.410674573758339 -1.8583822259836057E-18 -0.5973431734317345
2.4166048925129724 -1.6650976854571364E-18 -0.595877300613497
2.422535211267605 -1.49190710206698E-18 -0.5944186046511629
2.4284655300222386 -1.3367224703019355E-18 -0.592967032967033
2.4343958487768713 -1.197672648219864E-18 -0.591522533495737
2.440326167531505 -1.0730808451040928E-18 -0.5900850546780072
2.4462564862861376 -9.614444448552194E-19 -0.5886545454545455
2.452186805040771 -8.614169229126327E-19 -0.5872309552599757
2.458117123795404 -7.717916396010476E-19 -0.5858142340168878
2.4640474425500365 -6.914873152986099E-19 -0.584404332129964
2.46997776130467 -6.195350129937125E-19 -0.5830012004801921
2.4759080800593027 -5.550664718788576E-19 -0.5816047904191618
2.4818383988139363 -4.97303651837966E-19 -0.5802150537634408
2.487768717568569 -4.455493632124253E-19 -0.5788319427890346
2.4936990363232026 -3.991788692547205E-19 -0.5774554102259215
2.4996293550778352 -3.5763236035258345E-19 -0.576085409252669
2.505559673832468 -3.2040820957096466E-19 -0.5747218934911243
2.5114899925871015 -2.8705692843906004E-19 -0.5733648170011806
2.517420311341734 -2.5717575031741667E-19 -0.5720141342756184
2.5233506300963677 -2.30403776216504E-19 -0.5706698002350176
2.5292809488510004 -2.0641762469331564E-19 -0.5693317702227433
2.535211267605634 -1.8492753350750102E-19 -0.568
2.5411415863602667 -1.6567386614575419E-19 -0.5666744457409568
2.5470719051148993 -1.4842398118774197E-19 -0.5653550640279396
2.553002223869533 -1.3296942684703906E-19 -0.5640418118466899
2.5589325426241656 -1.1912342692861803E-19 -0.5627346465816918
2.564862861378799 -1.0671862794726412E-19 -0.5614335260115607
2.570793180133432 -9.560508029085178E-20 -0.5601384083044983
2.5767234988880654 -8.564842912637965E-20 -0.558849252013809
2.582653817642698 -7.672829326876273E-20 -0.5575660160734788
2.5885841363973308 -6.873681249287824E-20 -0.5562886597938146
2.5945144551519643 -6.15773457953741E-20 -0.5550171428571429
2.600444773906597 -5.516330492858727E-20 -0.553751425313569
2.6063750926612306 -4.941710915637181E-20 -0.5524914675767918
2.6123054114158633 -4.42692486402386E-20 -0.5512372304199773
2.618235730170497 -3.965744517146843E-20 -0.5499886749716874
2.6241660489251295 -3.552590013647096E-20 -0.5487457627118645
2.630096367679762 -3.1824620652693676E-20 -0.5475084554678693
2.6360266864343957 -2.8508815753444605E-20 -0.5462767154105737
2.6419570051890284 -2.553835534338565E-20 -0.5450505050505051
2.647887323943662 -2.2877285402308298E-20 -0.5438297872340425
2.6538176426982947 -2.049339359220258E-20 -0.5426145251396649
2.6597479614529282 -1.835782002971212E-20 -0.5414046822742474
2.665678280207561 -1.6444708530128395E-20 -0.5402002224694105
2.6716085989621936 -1.4730894116654378E-20 -0.5390011098779135
2.677538917716827 -1.3195623025623293E-20 -0.5378073089700997
2.68346923647146 -1.1820301829944096E-20 -0.5366187845303868
2.6893995552260934 -1.058827265397078E-20 -0.5354355016538037
2.695329873980726 -9.484611767476888E-21 -0.5342574257425743
2.7012601927353597 -8.495949128242133E-21 -0.5330845225027442
2.7071905114899923 -7.610306695314583E-21 -0.5319167579408544
2.713120830244625 -6.816953561337595E-21 -0.5307540983606558
2.7190511489992586 -6.106276155148648E-21 -0.5295965103598691
2.7249814677538913 -5.46966194760772E-21 -0.528443960826986
2.730911786508525 -4.899395256483287E-21 -0.5272964169381107
2.7368421052631575 -4.388563892174587E-21 -0.5261538461538462
2.742772424017791 -3.930975516836329E-21 -0.5250162162162162
2.7487027427724238 -3.5210827066710766E-21 -0.5238834951456312
2.7546330615270564 -3.1539158121762707E-21 -0.5227556512378903
2.76056338028169 -2.8250228052417808E-21 -0.5216326530612245
2.7664936990363227 -2.5304153863235436E-21 -0.5205144694533763
2.7724240177909563 -2.2665207004848637E-21 -0.5194010695187166
2.778354336545589 -2.0301380788096078E-21 -0.5182924226254003
2.7842846553002225 -1.8184002823667167E-21 -0.5171884984025559
2.790214974054855 -1.6287387802740796E-21 -0.5160892667375133
2.796145292809488 -1.4588526421272187E-21 -0.5149946977730648
2.8020756115641214 -1.30668066871144E-21 -0.5139047619047619
2.808005930318754 -1.1703764240313295E-21 -0.5128194297782471
2.8139362490733877 -1.0482858667402602E-21 -0.5117386722866175
2.8198665678280204 -9.389273104574344E-22 -0.5106624605678234
2.825796886582654 -8.409734705996234E-22 -0.5095907660020986
2.8317272053372866 -7.532353805685134E-22 -0.5085235602094241
2.8376575240919193 -6.746479827264896E-22 -0.507460815047022
2.843587842846553 -6.042572198363255E-22 -0.5064025026068821
2.8495181616011855 -5.412084707777405E-22 -0.5053485952133195
2.855448480355819 -4.847361906050168E-22 -0.5042990654205607
2.861378799110452 -4.341546295708565E-22 -0.5032538860103627
2.8673091178650854 -3.8884951878817262E-22 -0.5022130299896587
2.873239436619718 -3.4827062189096996E-22 -0.5011764705882353
2.8791697553743507 -3.119250625289785E-22 -0.5001441812564368
2.8851000741289843 -2.7937134691469196E-22 -0.49911613566289825
2.891030392883617 -2.502140090492168E-22 -0.4980923076923078
2.8969607116382505 -2.24098813786372E-22 -0.49707267144319345
2.902891030392883 -2.0070845964376196E-22 -0.4960572012257406
2.9088213491475168 -1.797587293165796E-22 -0.495045871559633
2.9147516679021495 -1.6099504126772052E-22 -0.4940386571719227
2.920681986656782 -1.4418936062184679E-22 -0.493035532994924
2.9266123054114157 -1.2913743193996897E-22 -0.49203647416413376
2.9325426241660484 -1.156563003474576E-22 -0.49104145601617805
2.938472942920682 -1.0358209097923593E-22 -0.490050454086781
2.9444032616753146 -9.276801983342432E-23 -0.4890634441087614
2.950333580429948 -8.30826119267022E-23 -0.4880804020100502
2.956263899184581 -7.44081051549947E-23 -0.48710130391173523
2.9621942179392136 -6.663902051212287E-23 -0.4861261261261262
2.968124536693847 -5.968088133396644E-23 -0.48515484515484514
2.97405485544848 -5.344906604084076E-23 -0.4841874376869393
2.9799851742031134 -4.786778046801051E-23 -0.48322388059701493
2.985915492957746 -4.2869137323109904E-23 -0.48226415094339625
2.9918458117123796 -3.839233160723521E-23 -0.48130822596630324
2.9977761304670123 -3.4382901999320996E-23 -0.48035608308605343
3.003706449221645 -3.0792069245171955E-23 -0.4794076999012834
3.0096367679762785 -2.757614352580212E-23 -0.47846305418719215
3.0155670867309112 -2.469599361582413E-23 -0.4775221238938054
3.021497405485545 -2.2116571391649386E-23 -0.47658488714425906
3.0274277242401775 -1.9806485920270662E-23 -0.47565132223310486
3.033358042994811 -1.773762196052278E-23 -0.4747214076246334
3.0392883617494437 -1.5884798247230076E-23 -0.47379512195121953
3.0452186805040764 -1.4225461411070441E-23 -0.4728724440116846
3.05114899925871 -1.2739411819155493E-23 -0.4719533527696793
3.0570793180133427 -1.1408558008476678E-23 -0.47103782735208544
3.063009636767976 -1.0216696731186317E-23 -0.47012584704743465
3.068939955522609 -9.149315941370234E-24 -0.46921739130434786
3.0748702742772425 -8.193418331287797E-24 -0.4683124397299903
3.080800593031875 -7.337363274376551E-24 -0.4674109720885467
3.086730911786508 -6.570725255662566E-24 -0.4665129682997119
3.0926612305411414 -5.8841670702896546E-24 -0.46561840843720037
3.098591549295774 -5.269326250104679E-24 -0.4647272727272728
3.1045218680504076 -4.718713338784053E-24 -0.4638395415472779
3.1104521868050403 -4.22562077980349E-24 -0.4629551954242136
3.116382505559674 -3.784041310382086E-24 -0.4620742150333016
3.1223128243143066 -3.388594869934371E-24 -0.46119658119658125
3.1282431430689392 -3.0344631349387296E-24 -0.46032227488151667
3.134173461823573 -2.7173308847307954E-24 -0.4594512771996216
3.1401037805782055 -2.433333485678629E-24 -0.4585835694050992
3.146034099332839 -2.1790098554983974E-24 -0.4577191328934967
3.1519644180874717 -1.951260336025873E-24 -0.45685794920037637
3.1578947368421053 -1.747308962377378E-24 -0.45599999999999996
3.163825055596738 -1.564669669836936E-24 -0.45514526710403
3.1697553743513707 -1.40111602764198E-24 -0.4542937324602433
3.1756856931060042 -1.2546541316883346E-24 -0.4534453781512605
3.181616011860637 -1.1234983265560156E-24 -0.4526001863932899
3.1875463306152705 -1.0060494616363908E-24 -0.4517581395348837
3.193476649369903 -9.00875416935512E-25 -0.45091922005571033
3.1994069681245367 -8.066936617115881E-25 -0.45008341056533824
3.2053372868791694 -7.223556338113916E-25 -0.4492506938020352
3.211267605633802 -6.468327497006923E-25 -0.44842105263157905
3.2171979243884357 -5.792038750061812E-25 -0.44759447004608294
3.2231282431430683 -5.186441031414263E-25 -0.44677092916283356
3.229058561897702 -4.644147054926811E-25 -0.4459504132231405
3.2349888806523346 -4.15854130884943E-25 -0.4451329055912008
3.240919199406968 -3.723699448074663E-25 -0.44431838975297344
3.246849518161601 -3.3343161030589594E-25 -0.4435068493150685
3.2527798369162344 -2.9856402268407594E-25 -0.44269826800364626
3.258710155670867 -2.6734171932670633E-25 -0.4418926296633303
3.2646404744254998 -2.3938369416572225E-25 -0.44108991825613086
3.2705707931801333 -2.1434875366829724E-25 -0.4402901178603808
3.276501111934766 -1.9193135781205827E-25 -0.43949321266968333
3.2824314306893996 -1.718578954134864E-25 -0.4386991869918699
3.2883617494440323 -1.538833484602403E-25 -0.4379080252479712
3.294292068198666 -1.3778830483149086E-25 -0.4371197119711971
3.3002223869532985 -1.2337628302981537E-25 -0.43633423180592995
3.306152705707931 -1.1047133634527893E-25 -0.4355515695067265
3.3120830244625648 -9.89159072731849E-26 -0.43477170993733216
3.3180133432171974 -8.856890605292953E-26 -0.4339946380697051
3.323943661971831 -7.930398992348087E-26 -0.43322033898305085
3.3298739807264637 -7.10080221343732E-26 -0.43244879786286733
3.3358042994810972 -6.357969193947661E-26 -0.43167999999999995
3.34173461823573 -5.692827876076727E-26 -0.4309139307897072
3.3476649369903626 -5.097254546472102E-26 -0.43015057573073523
3.353595255744996 -4.5639747266125884E-26 -0.42938992042440316
3.359525574499629 -4.0864744182176146E-26 -0.4286319505736982
3.3654558932542624 -3.658920622079668E-26 -0.42787665198237884
3.371386212008895 -3.2760901616588645E-26 -0.4271240105540897
3.3773165307635287 -2.933305943932534E-26 -0.42637401229148375
3.3832468495181613 -2.6263798805863304E-26 -0.425626643295355
3.389177168272794 -2.351561773769139E-26 -0.4248818897637796
3.3951074870274276 -2.1054935432988733E-26 -0.42413973799126636
3.4010378057820603 -1.885168237284431E-26 -0.4234001743679163
3.406968124536694 -1.6878933264123533E-26 -0.42266318537859005
3.4128984432913265 -1.511257834344441E-26 -0.4219287576020852
3.41882876204596 -1.353102903419874E-26 -0.4211968777103209
3.4247590808005928 -1.2114954367213138E-26 -0.4204675324675325
3.4306893995552254 -1.0847044950585104E-26 -0.41974070872947283
3.436619718309859 -9.711801610015524E-27 -0.4190163934426229
3.4425500370644917 -8.695346121678455E-27 -0.4182945736434109
3.4484803558191253 -7.785251728982456E-27 -0.41757523645743766
3.454410674573758 -6.970391375764674E-27 -0.4168583690987125
3.4603409933283915 -6.240801804455429E-27 -0.41614395886889455
3.466271312083024 -5.58756186118773E-27 -0.41543199315654405
3.472201630837657 -5.0026835230585896E-27 -0.4147224594363792
3.4781319495922904 -4.47901431788668E-27 -0.4140153452685422
3.484062268346923 -4.0101499457435934E-27 -0.4133106382978724
3.4899925871015567 -3.590356035955756E-27 -0.41260832625318605
3.4959229058561894 -3.2144980846966447E-27 -0.4119083969465649
3.501853224610823 -2.8779787180715473E-27 -0.41121083827265026
3.5077835433654556 -2.5766815149555442E-27 -0.4105156382079459
3.5137138621200883 -2.3069207038681958E-27 -0.40982278481012663
3.519644180874722 -2.0653961198307765E-27 -0.40913226621735466
3.5255744996293545 -1.849152871326964E-27 -0.4084440706476031
3.531504818383988 -1.6555452249577757E-27 -0.4077581863979849
3.537435137138621 -1.4822042668465842E-27 -0.40707460184409056
3.5433654558932544 -1.3270089459375424E-27 -0.4063933054393305
3.549295774647887 -1.1880601456024126E-27 -0.40571428571428575
3.5552260934025197 -1.063657466929731E-27 -0.40503753127606346
3.5611564121571533 -9.522784401670057E-28 -0.4043630308076603
3.567086730911786 -8.525599104246715E-28 -0.4036907730673317
3.5730170496664195 -7.632813702912513E-28 -0.4030207468879668
3.578947368421052 -6.833500357761057E-28 -0.40235294117647064
3.584877687175686 -6.117874832791818E-28 -0.40168734491315133
3.5908080059303185 -5.477176843457718E-28 -0.4010239471511148
3.596738324684951 -4.903562920309264E-28 -0.4003627370156637
3.6026686434395847 -4.390010479809501E-28 -0.3997037037037037
3.6085989621942174 -3.930231930247732E-28 -0.39904683648315536
3.614529280948851 -3.5185977632283623E-28 -0.3983921246923708
3.6204595997034836 -3.1500676909496485E-28 -0.39773955773955777
3.626389918458117 -2.820128987753985E-28 -0.3970891251022077
3.63232023721275 -2.5247412824257382E-28 -0.3964408163265306
3.6382505559673826 -2.2602871265079193E-28 -0.39579462102689494
3.644180874722016 -2.023527734466788E-28 -0.3951505288852726
3.650111193476649 -1.8115633547146326E-28 -0.39450852965069055
3.6560415122312824 -1.6217977870765542E-28 -0.3938686131386861
3.661971830985915 -1.4519066129474993E-28 -0.3932307692307693
3.6679021497405486 -1.2998087497493482E-28 -0.3925949878738884
3.6738324684951813 -1.1636409819182404E-28 -0.39196125907990315
3.679762787249814 -1.0417351570253256E-28 -0.3913295729250605
3.6856931060044476 -9.325977682037818E-29 -0.3906999195494771
3.6916234247590802 -8.348916732188076E-29 -0.39007228915662656
3.697553743513714 -7.474197266314677E-29 -0.3894466720128308
3.7034840622683465 -6.691101248905244E-29 -0.38882305844675746
3.70941438102298 -5.990032851242826E-29 -0.38820143884892083
3.7153446997776127 -5.36240097152635E-29 -0.38758180367118916
3.7212750185322454 -4.8005140502688516E-29 -0.38696414342629487
3.727205337286879 -4.2974858943654594E-29 -0.38634844868735085
3.7331356560415117 -3.8471513578174246E-29 -0.385734710087371
3.739065974796145 -3.4439908476147866E-29 -0.3851229183187946
3.744996293550778 -3.08306273119058E-29 -0.38451306413301667
3.7509266123054115 -2.7599428184819445E-29 -0.3839051383399209
3.756856931060044 -2.4706701781483883E-29 -0.38329913180741915
3.762787249814677 -2.2116986249617616E-29 -0.382695035460993
3.7687175685693104 -1.979853284742488E-29 -0.38209284028324153
3.774647887323943 -1.7722917053198558E-29 -0.38149253731343286
3.7805782060785766 -1.586469037599399E-29 -0.3808941176470588
3.7865085248332093 -1.4201068606070913E-29 -0.38029757243539547
3.792438843587843 -1.271165268956674E-29 -0.3797028928850664
3.7983691623424756 -1.1378178810976067E-29 -0.3791100702576113
3.8042994810971082 -1.0184294624347478E-29 -0.37851909586905697
3.810229799851742 -9.115358894035877E-30 -0.37792996108949417
3.8161601186063745 -8.158262092277762E-30 -0.3773426573426574
3.822090437361008 -7.301265757288982E-30 -0.37675717610550813
3.8280207561156407 -6.53385864515427E-30 -0.3761735089078234
3.8339510748702743 -5.846627914291705E-30 -0.3755916473317865
3.839881393624907 -5.2311437652459E-30 -0.37501158301158305
3.8458117123795397 -4.6798561232400615E-30 -0.3744333076329993
3.8517420311341732 -4.186002098313082E-30 -0.3738568129330254
3.857672349888806 -3.7435230897852725E-30 -0.373282090699462
3.8636026686434395 -3.346990519848858E-30 -0.3727091327705295
3.869532987398072 -2.9915392867101093E-30 -0.3721379310344828
3.8754633061527057 -2.672808122211198E-30 -0.3715684774292272
3.8813936249073384 -2.3868861233869493E-30 -0.3710007639419404
3.887323943661971 -2.1302648029987156E-30 -0.3704347826086957
3.8932542624166047 -1.8997950716589622E-30 -0.3698705255140899
3.8991845811712373 -1.6926486245424403E-30 -0.36930798479087457
3.905114899925871 -1.5062832596116286E-30 -0.36874715261958996
3.9110452186805036 -1.3384117024251466E-30 -0.3681880212282032
3.916975537435137 -1.1869735555370968E-30 -0.36763058289174866
3.92290585618977 -1.0501100287579379E-30 -0.3670748299319728
3.9288361749444025 -9.261411406017854E-31 -0.3665207547169812
3.934766493699036 -8.135451115074708E-31 -0.36596834966088926
3.9406968124536688 -7.109396962615896E-31 -0.3654176072234763
3.9466271312083023 -6.170652267994548E-31 -0.3648685199098422
3.952557449962935 -5.3076915750489405E-31 -0.36432108027006754
3.9584877687175686 -4.509919235284098E-31 -0.3637752808988764
3.9644180874722013 -3.767539387204092E-31 -0.3632311144353029
3.970348406226835 -3.0714357372865673E-31 -0.36268857356235995
3.9762787249814675 -2.413059668074331E-31 -0.3621476510067114
3.9822090437361 -1.7843253007677883E-31 -0.36160833953834703
3.9881393624907338 -1.1775102247823971E-31 -0.36107063197026024
3.9940696812453664 -5.85160676026204E-32 -0.36053452115812923
4.0 0.0 0.0
