# 0.03811  hbar^2/(2m)
# -4.0 xmin
# 4.0 xmax
# 1350 ngrid
# 0 nnode 
# 0.1 vscale
# -9.033349664876491  Energy
#offset=0
#d=10
#w=0.5
#offset-(d*pulse(abs(x),w/2))
-4.0 0.0 0.0
-3.994069681245367 4.7305778434514374E-27 0.0
-3.9881393624907338 9.50061794575624E-27 0.0
-3.9822090437361006 1.4349911758083248E-26 0.0
-3.976278724981468 1.9318911862339123E-26 0.0
-3.970348406226835 2.4449069424712373E-26 0.0
-3.9644180874722017 2.978317997936066E-26 0.0
-3.9584877687175686 3.5365740426752794E-26 0.0
-3.9525574499629355 4.12433202247288E-26 0.0
-3.9466271312083023 4.7464949868736523E-26 0.0
-3.940696812453669 5.408252990192873E-26 0.0
-3.9347664936990365 6.115126386706378E-26 0.0
-3.9288361749444034 6.873011881187431E-26 0.0
-3.9229058561897703 7.688231718941819E-26 0.0
-3.916975537435137 8.567586425682145E-26 0.0
-3.911045218680504 9.51841153719488E-26 0.0
-3.905114899925871 1.054863879203639E-25 0.0
-3.899184581171238 1.1666862297724558E-25 0.0
-3.893254262416605 1.2882410222381273E-25 0.0
-3.887323943661972 1.4205422609874088E-25 0.0
-3.881393624907339 1.5646935967587344E-25 0.0
-3.8754633061527057 1.721897533244997E-25 0.0
-3.8695329873980726 1.893465458323044E-25 0.0
-3.8636026686434395 2.080828583589941E-25 0.0
-3.8576723498888064 2.285549883463092E-25 0.0
-3.8517420311341732 2.5093371334396444E-25 0.0
-3.8458117123795406 2.7540571562797144E-25 0.0
-3.8398813936249074 3.0217513949544367E-25 0.0
-3.8339510748702743 3.3146529422676335E-25 0.0
-3.828020756115641 3.6352051692114197E-25 0.0
-3.822090437361008 3.9860821074526E-25 0.0
-3.816160118606375 4.370210755979621E-25 0.0
-3.810229799851742 4.790795497991071E-25 0.0
-3.804299481097109 5.251344831710271E-25 0.0
-3.798369162342476 5.755700638113164E-25 0.0
-3.792438843587843 6.3080702297195135E-25 0.0
-3.7865085248332098 6.91306144779693E-25 0.0
-3.7805782060785766 7.575721100756954E-25 0.0
-3.7746478873239435 8.301577064394505E-25 0.0
-3.7687175685693104 9.096684395168903E-25 0.0
-3.7627872498146777 9.967675841201327E-25 0.0
-3.7568569310600446 1.0921817172349041E-24 0.0
-3.7509266123054115 1.1967067790917322E-24 0.0
-3.7449962935507783 1.3112147128620768E-24 0.0
-3.739065974796145 1.4366607383674372E-24 0.0
-3.733135656041512 1.574091320478373E-24 0.0
-3.727205337286879 1.7246528986754516E-24 0.0
-3.7212750185322463 1.8896014505937114E-24 0.0
-3.715344699777613 2.0703129693292806E-24 0.0
-3.70941438102298 2.268294941909352E-24 0.0
-3.703484062268347 2.485198924678373E-24 0.0
-3.697553743513714 2.7228343205037354E-24 0.0
-3.6916234247590807 2.9831834727297644E-24 0.0
-3.6856931060044476 3.2684182017930738E-24 0.0
-3.679762787249815 3.580917922446948E-24 0.0
-3.6738324684951817 3.9232894927277926E-24 0.0
-3.6679021497405486 4.298388960242807E-24 0.0
-3.6619718309859155 4.70934538718538E-24 0.0
-3.6560415122312824 5.159586952825391E-24 0.0
-3.6501111934766493 5.6528695512201424E-24 0.0
-3.644180874722016 6.193308122706714E-24 0.0
-3.6382505559673834 6.785410980541567E-24 0.0
-3.6323202372127503 7.434117419038618E-24 0.0
-3.626389918458117 8.144838916931113E-24 0.0
-3.620459599703484 8.923504279673827E-24 0.0
-3.614529280948851 9.776609097260537E-24 0.0
-3.608598962194218 1.0711269930131582E-23 0.0
-3.6026686434395847 1.173528367518782E-23 0.0
-3.596738324684952 1.2857192607139463E-23 0.0
-3.590808005930319 1.408635563776171E-23 0.0
-3.584877687175686 1.5433026387498535E-23 0.0
-3.5789473684210527 1.6908438720684276E-23 0.0
-3.5730170496664195 1.8524900457913874E-23 0.0
-3.5670867309117864 2.0295896047305947E-23 0.0
-3.5611564121571533 2.2236199051137578E-23 0.0
-3.5552260934025206 2.4361995386208997E-23 0.0
-3.5492957746478875 2.6691018346003644E-23 0.0
-3.5433654558932544 2.924269653099197E-23 0.0
-3.5374351371386212 3.203831592110684E-23 0.0
-3.531504818383988 3.510119744239133E-23 0.0
-3.525574499629355 3.84568915090718E-23 0.0
-3.519644180874722 4.2133391163916856E-23 0.0
-3.513713862120089 4.616136559488938E-23 0.0
-3.507783543365456 5.057441597607633E-23 0.0
-3.501853224610823 5.540935576710959E-23 0.0
-3.49592290585619 6.070651780932233E-23 0.0
-3.4899925871015567 6.65100907804228E-23 0.0
-3.4840622683469236 7.286848781437451E-23 0.0
-3.4781319495922904 7.983475036149284E-23 0.0
-3.4722016308376578 8.746699065773971E-23 0.0
-3.4662713120830246 9.582887649427481E-23 0.0
-3.4603409933283915 1.0499016233118814E-22 0.0
-3.4544106745737584 1.1502727118593972E-22 0.0
-3.4484803558191253 1.2602393215059254E-22 0.0
-3.442550037064492 1.3807187885597789E-22 0.0
-3.436619718309859 1.5127161470934813E-22 0.0
-3.4306893995552263 1.6573325128909382E-22 0.0
-3.424759080800593 1.8157742689037441E-22 0.0
-3.41882876204596 1.9893631288412754E-22 0.0
-3.412898443291327 2.1795471628445606E-22 0.0
-3.406968124536694 2.3879128772195914E-22 0.0
-3.4010378057820607 2.6161984489986323E-22 0.0
-3.3951074870274276 2.866308225731636E-22 0.0
-3.389177168272795 3.1403286114643273E-22 0.0
-3.3832468495181613 3.4405454714230557E-22 0.0
-3.3773165307635287 3.7694632005954736E-22 0.0
-3.3713862120088955 4.129825615276249E-22 0.0
-3.3654558932542624 4.524638841854115E-22 0.0
-3.3595255744996293 4.95719639377744E-22 0.0
-3.353595255744996 5.431106645889182E-22 0.0
-3.3476649369903635 5.950322935320868E-22 0.0
-3.34173461823573 6.519176540045824E-22 0.0
-3.3358042994810972 7.142412810197205E-22 0.0
-3.329873980726464 7.825230753556602E-22 0.0
-3.323943661971831 8.5733264054335E-22 0.0
-3.318013343217198 9.392940344725108E-22 0.0
-3.3120830244625648 1.029090975253329E-21 0.0
-3.306152705707932 1.1274725447609164E-21 0.0
-3.3002223869532985 1.235259437441234E-21 0.0
-3.294292068198666 1.3533508065057315E-21 0.0
-3.2883617494440327 1.4827317646253317E-21 0.0
-3.2824314306893996 1.6244816016942028E-21 0.0
-3.2765011119347665 1.779782788215516E-21 0.0
-3.2705707931801333 1.9499308394150097E-21 0.0
-3.2646404744255006 2.136345122368343E-21 0.0
-3.258710155670867 2.3405806962947715E-21 0.0
-3.2527798369162344 2.5643412847883394E-21 0.0
-3.2468495181616013 2.8094934882003207E-21 0.0
-3.240919199406968 3.078082354731943E-21 0.0
-3.234988880652335 3.3723484401307183E-21 0.0
-3.229058561897702 3.6947464983015745E-21 0.0
-3.2231282431430692 4.047965958748978E-21 0.0
-3.2171979243884357 4.434953361671929E-21 0.0
-3.211267605633803 4.85893693786432E-21 0.0
-3.20533728687917 5.323453538465054E-21 0.0
-3.1994069681245367 5.832378139204626E-21 0.0
-3.1934766493699036 6.389956165271215E-21 0.0
-3.1875463306152705 7.000838906448806E-21 0.0
-3.181616011860638 7.670122317958762E-21 0.0
-3.1756856931060042 8.403389530679656E-21 0.0
-3.1697553743513716 9.206757425363625E-21 0.0
-3.1638250555967384 1.0086927659369162E-20 0.0
-3.1578947368421053 1.1051242571572994E-20 0.0
-3.151964418087472 1.2107746431817172E-20 0.0
-3.146034099332839 1.3265252545831407E-20 0.0
-3.1401037805782064 1.4533416775416773E-20 0.0
-3.134173461823573 1.592281808719269E-20 0.0
-3.12824314306894 1.7445046801841114E-20 0.0
-3.122312824314307 1.91128012800189E-20 0.0
-3.116382505559674 2.0939993851487796E-20 0.0
-3.1104521868050408 2.2941866871117842E-20 0.0
-3.1045218680504076 2.5135119869897956E-20 0.0
-3.098591549295775 2.753804886164145E-20 0.0
-3.0926612305411414 3.0170698967476564E-20 0.0
-3.0867309117865087 3.305503163130819E-20 0.0
-3.0808005930318756 3.621510782115464E-20 0.0
-3.0748702742772425 3.96772887446161E-20 0.0
-3.0689399555226093 4.347045575283406E-20 0.0
-3.063009636767976 4.762625126737008E-20 0.0
-3.057079318013343 5.2179342739804807E-20 0.0
-3.05114899925871 5.716771184599563E-20 0.0
-3.0452186805040773 6.263297132743823E-20 0.0
-3.039288361749444 6.862071212280748E-20 0.0
-3.033358042994811 7.518088368543303E-20 0.0
-3.027427724240178 8.236821065930002E-20 0.0
-3.021497405485545 9.02426493894666E-20 0.0
-3.0155670867309117 9.886988807508692E-20 0.0
-3.0096367679762785 1.083218947372925E-19 0.0
-3.003706449221646 1.1867751757305444E-19 0.0
-2.9977761304670127 1.3002314270315044E-19 0.0
-2.9918458117123796 1.4245341480113907E-19 0.0
-2.9859154929577465 1.560720266147949E-19 0.0
-2.9799851742031134 1.7099258396615465E-19 0.0
-2.9740548554484807 1.8733955344596485E-19 0.0
-2.968124536693847 2.0524930070815375E-19 0.0
-2.9621942179392144 2.2487122802573057E-19 0.0
-2.9562638991845813 2.463690205975511E-19 0.0
-2.950333580429948 2.6992201200258165E-19 0.0
-2.944403261675315 2.9572668019221734E-19 0.0
-2.938472942920682 3.239982865001522E-19 0.0
-2.9325426241660493 3.5497267134234475E-19 0.0
-2.9266123054114157 3.889082215867247E-19 0.0
-2.920681986656783 4.2608802600434534E-19 0.0
-2.9147516679021495 4.66822236782656E-19 0.0
-2.9088213491475168 5.114506568005262E-19 0.0
-2.9028910303928837 5.603455742479496E-19 0.0
-2.8969607116382505 6.139148682366916E-19 0.0
-2.891030392883618 6.726054113087402E-19 0.0
-2.8851000741289843 7.369067972261261E-19 0.0
-2.8791697553743516 8.07355425139159E-19 0.0
-2.873239436619718 8.845389742030222E-19 0.0
-2.8673091178650854 9.691013059697662E-19 0.0
-2.8613787991104522 1.061747835451226E-18 0.0
-2.855448480355819 1.1632514156580169E-18 0.0
-2.8495181616011864 1.2744587847031598E-18 0.0
-2.843587842846553 1.396297629251771E-18 0.0
-2.83765752409192 1.5297843232397804E-18 0.0
-2.8317272053372866 1.6760324064177123E-18 0.0
-2.825796886582654 1.836261873447142E-18 0.0
-2.819866567828021 2.011809351039034E-18 0.0
-2.8139362490733877 2.204139248031174E-18 0.0
-2.808005930318755 2.4148559714181235E-18 0.0
-2.8020756115641214 2.645717310239235E-18 0.0
-2.7961452928094888 2.8986490989725115E-18 0.0
-2.790214974054855 3.175761282755639E-18 0.0
-2.7842846553002225 3.479365518449525E-18 0.0
-2.7783543365455894 3.811994458371585E-18 0.0
-2.7724240177909563 4.176422877562778E-18 0.0
-2.766493699036323 4.575690820831067E-18 0.0
-2.76056338028169 5.01312896266285E-18 0.0
-2.7546330615270573 5.4923863915535624E-18 0.0
-2.7487027427724238 6.017461050533032E-18 0.0
-2.742772424017791 6.5927330878190224E-18 0.0
-2.736842105263158 7.223001395808562E-18 0.0
-2.730911786508525 7.913523643213598E-18 0.0
-2.7249814677538917 8.6700601342872E-18 0.0
-2.7190511489992586 9.4989218610119E-18 0.0
-2.713120830244626 1.0407023149099291E-17 0.0
-2.7071905114899923 1.1401939336971333E-17 0.0
-2.7012601927353597 1.249196996887875E-17 0.0
-2.6953298739807265 1.3686208029310521E-17 0.0
-2.6893995552260934 1.4994615796244707E-17 0.0
-2.6834692364714603 1.642810794600483E-17 0.0
-2.677538917716827 1.7998642602978677E-17 0.0
-2.6716085989621945 1.9719321093731984E-17 0.0
-2.665678280207561 2.1604497237661156E-17 0.0
-2.6597479614529282 2.3669897085882526E-17 0.0
-2.653817642698295 2.593275010721438E-17 0.0
-2.647887323943662 2.841193291559903E-17 0.0
-2.641957005189029 3.112812673793243E-17 0.0
-2.6360266864343957 3.410398993589043E-17 0.0
-2.630096367679763 3.736434702092097E-17 0.0
-2.6241660489251295 4.093639573915605E-17 0.0
-2.618235730170497 4.4849933953736416E-17 0.0
-2.6123054114158637 4.913760821719056E-17 0.0
-2.6063750926612306 5.383518610744716E-17 0.0
-2.6004447739065975 5.898185459929529E-17 0.0
-2.5945144551519643 6.462054696029317E-17 0.0
-2.5885841363973316 7.079830089807561E-17 0.0
-2.582653817642698 7.756665094670865E-17 0.0
-2.5767234988880654 8.498205836535939E-17 0.0
-2.5707931801334323 9.310638213547615E-17 0.0
-2.564862861378799 1.020073949855151E-16 0.0
-2.558932542624166 1.1175934874786742E-16 0.0
-2.553002223869533 1.2244359376416818E-16 0.0
-2.5470719051149002 1.3414925750603684E-16 0.0
-2.5411415863602667 1.4697398807227207E-16 0.0
-2.535211267605634 1.6102476876471934E-16 0.0
-2.529280948851001 1.7641881053796523E-16 0.0
-2.5233506300963677 1.9328452976763213E-16 0.0
-2.5174203113417346 2.1176261949377022E-16 0.0
-2.5114899925871015 2.320072230756095E-16 0.0
-2.505559673832469 2.541872200482445E-16 0.0
-2.4996293550778352 2.7848763490780784E-16 0.0
-2.4936990363232026 3.051111805771531E-16 0.0
-2.4877687175685694 3.342799494275647E-16 0.0
-2.4818383988139363 3.6623726596291967E-16 0.0
-2.475908080059303 4.0124971662130457E-16 0.0
-2.46997776130467 4.396093736265988E-16 0.0
-2.4640474425500374 4.816362314412898E-16 0.0
-2.458117123795404 5.276808761452944E-16 0.0
-2.452186805040771 5.781274100086206E-16 0.0
-2.446256486286138 6.333966556545188E-16 0.0
-2.440326167531505 6.939496665420979E-16 0.0
-2.4343958487768718 7.602915730526927E-16 0.0
-2.4284655300222386 8.329757962638512E-16 0.0
-2.422535211267606 9.126086645620484E-16 0.0
-2.4166048925129724 9.998544716056943E-16 0.0
-2.4106745737583397 1.0954410178317258E-15 0.0
-2.4047442550037066 1.2001656817327708E-15 0.0
-2.3988139362490735 1.3149020715511957E-15 0.0
-2.3928836174944403 1.4406073128781547E-15 0.0
-2.386953298739807 1.578330032950453E-15 0.0
-2.3810229799851745 1.7292191082498518E-15 0.0
-2.375092661230541 1.8945332483768823E-15 0.0
-2.3691623424759083 2.075651496147391E-15 0.0
-2.363232023721275 2.274084731503133E-15 0.0
-2.357301704966642 2.4914882752015004E-15 0.0
-2.351371386212009 2.7296756974237635E-15 0.0
-2.345441067457376 2.990633946492602E-15 0.0
-2.339510748702743 3.2765399239019697E-15 0.0
-2.3335804299481095 3.589778643927421E-15 0.0
-2.327650111193477 3.9329631293035164E-15 0.0
-2.3217197924388437 4.308956208937113E-15 0.0
-2.3157894736842106 4.72089439949205E-15 0.0
-2.3098591549295775 5.172214070064286E-15 0.0
-2.3039288361749444 5.6666801082119876E-15 0.0
-2.2979985174203117 6.208417326471235E-15 0.0
-2.292068198665678 6.801944871349053E-15 0.0
-2.2861378799110454 7.452213921831957E-15 0.0
-2.2802075611564123 8.164648991889214E-15 0.0
-2.274277242401779 8.94519318151435E-15 0.0
-2.268346923647146 9.80035775378702E-15 0.0
-2.262416604892513 1.0737276451524702E-14 0.0
-2.2564862861378803 1.1763765006631243E-14 0.0
-2.2505559673832467 1.2888386338566407E-14 0.0
-2.244625648628614 1.4120521985819045E-14 0.0
-2.238695329873981 1.5470450366261858E-14 0.0
-2.2327650111193478 1.6949432519231994E-14 0.0
-2.2268346923647147 1.8569806044593878E-14 0.0
-2.2209043736100815 2.0345088022419557E-14 0.0
-2.214974054855449 2.2290087771837693E-14 0.0
-2.2090437361008153 2.4421030389680282E-14 0.0
-2.2031134173461826 2.675569209948064E-14 0.0
-2.1971830985915495 2.931354853989774E-14 0.0
-2.1912527798369164 3.2115937229581904E-14 0.0
-2.1853224610822832 3.518623556375627E-14 0.0
-2.17939214232765 3.855005582735297E-14 0.0
-2.1734618235730174 4.223545885149479E-14 0.0
-2.167531504818384 4.627318809563437E-14 0.0
-2.161601186063751 5.069692610805333E-14 0.0
-2.1556708673091176 5.554357550410282E-14 0.0
-2.149740548554485 6.085356680609275E-14 0.0
-2.143810229799852 6.667119571281566E-14 0.0
-2.1378799110452187 7.304499261219187E-14 0.0
-2.131949592290586 8.002812741949296E-14 0.0
-2.1260192735359524 8.767885311828522E-14 0.0
-2.1200889547813198 9.606099170409082E-14 0.0
-2.114158636026686 1.0524446658448577E-13 0.0
-2.1082283172720535 1.1530588587689177E-13 0.0
-2.1022979985174204 1.2632918146990437E-13 0.0
-2.0963676797627873 1.3840630917917741E-13 0.0
-2.0904373610081546 1.5163801583853126E-13 0.0
-2.084507042253521 1.6613467972532286E-13 0.0
-2.0785767234988883 1.8201723133086693E-13 0.0
-2.0726464047442548 1.9941816215693156E-13 0.0
-2.066716085989622 2.1848262995364203E-13 0.0
-2.060785767234989 2.393696696186349E-13 0.0
-2.054855448480356 2.6225351985872735E-13 0.0
-2.048925129725723 2.8732507668105005E-13 0.0
-2.0429948109710896 3.147934858386E-13 0.0
-2.037064492216457 3.448878875143183E-13 0.0
-2.0311341734618233 3.778593277977663E-13 0.0
-2.0252038547071907 4.139828528998493E-13 0.0
-2.0192735359525575 4.535598035754284E-13 0.0
-2.0133432171979244 4.969203288937867E-13 0.0
-2.0074128984432913 5.444261403267053E-13 0.0
-2.001482579688658 5.964735291286238E-13 0.0
-1.9955522609340255 6.534966721797276E-13 0.0
-1.9896219421793924 7.159712538691508E-13 0.0
-1.9836916234247592 7.844184342318766E-13 0.0
-1.9777613046701261 8.594091964413447E-13 0.0
-1.971830985915493 9.415691099243469E-13 0.0
-1.9659006671608599 1.0315835488318919E-12 0.0
-1.9599703484062267 1.1302034093982792E-12 0.0
-1.954040029651594 1.2382513738823248E-12 0.0
-1.948109710896961 1.3566287733442392E-12 0.0
-1.9421793921423278 1.4863231065071276E-12 0.0
-1.9362490733876947 1.6284162774250943E-12 0.0
-1.9303187546330616 1.7840936206762025E-12 0.0
-1.9243884358784284 1.9546537893680175E-12 0.0
-1.9184581171237953 2.14151958844102E-12 0.0
-1.9125277983691626 2.3462498436407933E-12 0.0
-1.9065974796145295 2.5705524051694E-12 0.0
-1.9006671608598964 2.8162983944917933E-12 0.0
-1.8947368421052633 3.0855378131434602E-12 0.0
-1.8888065233506302 3.380516643747236E-12 0.0
-1.882876204595997 3.703695585895171E-12 0.0
-1.876945885841364 4.057770583189306E-12 0.0
-1.8710155670867308 4.445695312676953E-12 0.0
-1.865085248332098 4.8707058242863156E-12 0.0
-1.859154929577465 5.336347535803456E-12 0.0
-1.8532246108228319 5.846504808581451E-12 0.0
-1.8472942920681987 6.4054333507009E-12 0.0
-1.8413639733135656 7.017795717887462E-12 0.0
-1.8354336545589325 7.688700208333382E-12 0.0
-1.8295033358042994 8.423743475881805E-12 0.0
-1.8235730170496667 9.229057217051073E-12 0.0
-1.8176426982950336 1.0111359321359946E-11 0.0
-1.8117123795404004 1.1078009911647388E-11 0.0
-1.8057820607857673 1.2137072741872654E-11 0.0
-1.7998517420311342 1.3297382464573211E-11 0.0
-1.793921423276501 1.4568618329122507E-11 0.0
-1.787991104521868 1.5961384925575006E-11 0.0
-1.7820607857672353 1.748730064765984E-11 0.0
-1.7761304670126021 1.915909461287726E-11 0.0
-1.770200148257969 2.0990712848200727E-11 0.0
-1.7642698295033359 2.2997434627180932E-11 0.0
-1.7583395107487028 2.519599992893024E-11 0.0
-1.7524091919940696 2.7604749082244583E-11 0.0
-1.7464788732394365 3.024377575976746E-11 0.0
-1.7405485544848038 3.3135094598466213E-11 0.0
-1.7346182357301707 3.630282484470275E-11 0.0
-1.7286879169755376 3.9773391555857243E-11 0.0
-1.7227575982209045 4.3575746036919436E-11 0.0
-1.7168272794662713 4.774160735091916E-11 0.0
-1.7108969607116382 5.230572691786482E-11 0.0
-1.704966641957005 5.730617840946183E-11 0.0
-1.6990363232023724 6.278467535789916E-11 0.0
-1.6931060044477393 6.878691912818147E-11 0.0
-1.6871756856931062 7.536298015677601E-11 0.0
-1.681245366938473 8.256771563684898E-11 0.0
-1.67531504818384 9.046122713440214E-11 0.0
-1.6693847294292068 9.910936195272201E-11 0.0
-1.6634544106745737 1.0858426242750066E-10 0.0
-1.657524091919941 1.1896496773482158E-10 0.0
-1.6515937731653079 1.303380732322657E-10 0.0
-1.6456634544106747 1.427984528333293E-10 0.0
-1.6397331356560416 1.5645005044116763E-10 0.0
-1.6338028169014085 1.7140674704376788E-10 0.0
-1.6278724981467754 1.8779331070381822E-10 0.0
-1.6219421793921422 2.0574643736804434E-10 0.0
-1.6160118606375096 2.2541589117839597E-10 0.0
-1.6100815418828764 2.469657537975061E-10 0.0
-1.6041512231282433 2.7057579317023734E-10 0.0
-1.5982209043736102 2.9644296313946E-10 0.0
-1.592290585618977 3.2478304642578667E-10 0.0
-1.586360266864344 3.5583245467692324E-10 0.0
-1.5804299481097108 3.898502006025635E-10 0.0
-1.5744996293550781 4.2712005864628494E-10 0.0
-1.568569310600445 4.67952932218669E-10 0.0
-1.562638991845812 5.126894472389933E-10 0.0
-1.5567086730911788 5.617027936207E-10 0.0
-1.5507783543365457 6.154018384041789E-10 0.0
-1.5448480355819125 6.742345365064718E-10 0.0
-1.5389177168272794 7.38691667540215E-10 0.0
-1.5329873980726463 8.093109298741862E-10 0.0
-1.5270570793180136 8.866814260879179E-10 0.0
-1.5211267605633805 9.714485772378306E-10 0.0
-1.5151964418087474 1.0643195069294623E-9 0.0
-1.5092661230541142 1.1660689401094744E-9 0.0
-1.503335804299481 1.2775456657848776E-9 0.0
-1.497405485544848 1.3996796175811847E-9 0.0
-1.4914751667902149 1.5334896312051668E-9 0.0
-1.4855448480355822 1.6800919435246123E-9 0.0
-1.479614529280949 1.8407095041640073E-9 0.0
-1.473684210526316 2.0166821772930373E-9 0.0
-1.4677538917716828 2.209477918710749E-9 0.0
-1.4618235730170497 2.4207050214640863E-9 0.0
-1.4558932542624166 2.652125532153178E-9 0.0
-1.4499629355077834 2.9056699498415663E-9 0.0
-1.4440326167531508 3.183453330188993E-9 0.0
-1.4381022979985176 3.487792929146676E-9 0.0
-1.4321719792438845 3.821227533397942E-9 0.0
-1.4262416604892514 4.1865386387978585E-9 0.0
-1.4203113417346183 4.586773653481409E-9 0.0
-1.4143810229799851 5.025271319199451E-9 0.0
-1.408450704225352 5.505689562946066E-9 0.0
-1.4025203854707193 6.032036011214253E-9 0.0
-1.3965900667160862 6.608701421428468E-9 0.0
-1.390659747961453 7.240496309437462E-9 0.0
-1.38472942920682 7.932691078612221E-9 0.0
-1.3787991104521868 8.691059985304097E-9 0.0
-1.3728687916975537 9.521929307420905E-9 0.0
-1.3669384729429206 1.0432230117940988E-8 0.0
-1.361008154188288 1.1429556103599443E-8 0.0
-1.3550778354336548 1.2522226911067285E-8 0.0
-1.3491475166790217 1.371935754905439E-8 0.0
-1.3432171979243885 1.5030934425285333E-8 0.0
-1.3372868791697554 1.6467898652644993E-8 0.0
-1.3313565604151223 1.8042237319429905E-8 0.0
-1.3254262416604892 1.9767083485077522E-8 0.0
-1.3194959229058565 2.1656825735533054E-8 0.0
-1.3135656041512234 2.372722821215967E-8 0.0
-1.3076352853965902 2.5995562115467554E-8 0.0
-1.3017049666419571 2.8480749780659818E-8 0.0
-1.295774647887324 3.120352252686669E-8 0.0
-1.2898443291326909 3.418659359683894E-8 0.0
-1.2839140103780577 3.745484762975531E-8 0.0
-1.277983691623425 4.1035548247717286E-8 0.0
-1.272053372868792 4.495856548760799E-8 0.0
-1.2661230541141588 4.925662497554119E-8 0.0
-1.2601927353595257 5.3965580922501856E-8 0.0
-1.2542624166048926 5.9124715218495305E-8 0.0
-1.2483320978502594 6.47770651202342E-8 0.0
-1.2424017790956263 7.09697822659187E-8 0.0
-1.2364714603409936 7.775452601199445E-8 0.0
-1.2305411415863605 8.518789437308497E-8 0.0
-1.2246108228317274 9.333189615997938E-8 0.0
-1.2186805040770943 1.0225446825422832E-7 0.0
-1.2127501853224611 1.1203004233442867E-7 0.0
-1.206819866567828 1.2274016578180086E-7 0.0
-1.200889547813195 1.3447418194462463E-7 0.0
-1.1949592290585622 1.4732997543626657E-7 0.0
-1.189028910303929 1.6141478868404133E-7 0.0
-1.183098591549296 1.768461165405184E-7 0.0
-1.1771682727946629 1.937526864200805E-7 0.0
-1.1712379540400297 2.1227553213698636E-7 0.0
-1.1653076352853966 2.3256917040284514E-7 0.0
-1.1593773165307635 2.5480288979778934E-7 0.0
-1.1534469977761308 2.791621629678828E-7 0.0
-1.1475166790214977 3.058501938292495E-7 0.0
-1.1415863602668646 3.350896126856261E-7 0.0
-1.1356560415122314 3.67124333399931E-7 0.0
-1.1297257227575983 4.0222158811228714E-7 0.0
-1.1237954040029652 4.4067415647802106E-7 0.0
-1.117865085248332 4.828028080218382E-7 0.0
-1.111934766493699 5.289589779821769E-7 0.0
-1.1060044477390663 5.795276989675116E-7 0.0
-1.1000741289844331 6.349308128803423E-7 0.0
-1.0941438102298 6.956304899025926E-7 0.0
-1.0882134914751669 7.621330838976249E-7 0.0
-1.0822831727205338 8.349933563904575E-7 0.0
-1.0763528539659006 9.148191043624296E-7 0.0
-1.0704225352112675 1.0022762304651578E-6 0.0
-1.0644922164566348 1.0980942979492746E-6 0.0
-1.0585618977020017 1.2030726166469012E-6 0.0
-1.0526315789473686 1.3180869107768398E-6 0.0
-1.0467012601927355 1.4440966241949979E-6 0.0
-1.0407709414381023 1.5821529240301076E-6 0.0
-1.0348406226834692 1.7334074694706916E-6 0.0
-1.028910303928836 1.8991220188520844E-6 0.0
-1.0229799851742034 2.0806789551853827E-6 0.0
-1.0170496664195703 2.279592817931791E-6 0.0
-1.0111193476649372 2.4975229372198875E-6 0.0
-1.005189028910304 2.736287275899855E-6 0.0
-0.9992587101556709 2.997877594904448E-6 0.0
-0.9933283914010378 3.284476068425428E-6 0.0
-0.9873980726464047 3.5984734875084845E-6 0.0
-0.981467753891772 3.9424892039201885E-6 0.0
-0.9755374351371389 4.319392980657772E-6 0.0
-0.9696071163825057 4.732328931377671E-6 0.0
-0.9636767976278726 5.18474174844442E-6 0.0
-0.9577464788732395 5.680405438393051E-6 0.0
-0.9518161601186064 6.223454804514888E-6 0.0
-0.9458858413639732 6.818419939192986E-6 0.0
-0.9399555226093406 7.470264013720652E-6 0.0
-0.9340252038547074 8.184424680843985E-6 0.0
-0.9280948851000743 8.96685943540643E-6 0.0
-0.9221645663454412 9.824095311491819E-6 0.0
-0.9162342475908081 1.0763283330637049E-5 0.0
-0.910303928836175 1.1792258155318875E-5 0.0
-0.9043736100815418 1.2919603445341444E-5 0.0
-0.8984432913269091 1.4154723462324413E-5 0.0
-0.892512972572276 1.550792151961303E-5 0.0
-0.8865826538176429 1.6990485932035582E-5 0.0
-0.8806523350630098 1.8614784182497097E-5 0.0
-0.8747220163083766 2.0394366090942624E-5 0.0
-0.8687916975537435 2.234407684632071E-5 0.0
-0.8628613787991104 2.4480180844454462E-5 0.0
-0.8569310600444777 2.68204973648699E-5 0.0
-0.8510007412898446 2.938454921839135E-5 0.0
-0.8450704225352115 3.219372560551515E-5 0.0
-0.8391401037805784 3.527146054411861E-5 0.0
-0.8332097850259452 3.864342835493981E-5 0.0
-0.8272794662713121 4.233775783555895E-5 0.0
-0.821349147516679 4.6385266909510604E-5 0.0
-0.8154188287620463 5.081971970795872E-5 0.0
-0.8094885100074132 5.5678108228497776E-5 0.0
-0.80355819125278 6.1000960920664476E-5 0.0
-0.7976278724981469 6.683268077236597E-5 0.0
-0.7916975537435138 7.322191571752573E-5 0.0
-0.7857672349888807 8.02219644548704E-5 0.0
-0.7798369162342476 8.789122106317864E-5 0.0
-0.7739065974796144 9.629366212195206E-5 0.0
-0.7679762787249818 1.0549938040104546E-4 0.0
-0.7620459599703486 1.1558516957127092E-4 0.0
-0.7561156412157155 1.266351648136036E-4 0.0
-0.7501853224610824 1.387415446709217E-4 0.0
-0.7442550037064493 1.5200529999709485E-4 0.0
-0.7383246849518161 1.6653707641795784E-4 0.0
-0.732394366197183 1.824580973319404E-4 0.0
-0.7264640474425503 1.9990117514998026E-4 0.0
-0.7205337286879172 2.1901181921043608E-4 0.0
-0.7146034099332841 2.3994944961117437E-4 0.0
-0.708673091178651 2.628887270845609E-4 0.0
-0.7027427724240178 2.880210100091109E-4 0.0
-0.6968124536693847 3.1555595071212266E-4 0.0
-0.6908821349147516 3.4572324437957407E-4 0.0
-0.6849518161601189 3.787745451626083E-4 0.0
-0.6790214974054858 4.1498556546467865E-4 0.0
-0.6730911786508527 4.546583759215072E-4 0.0
-0.6671608598962195 4.981239252601835E-4 0.0
-0.6612305411415864 5.457448010579484E-4 0.0
-0.6553002223869533 5.979182544307848E-4 0.0
-0.6493699036323202 6.550795138836258E-4 0.0
-0.6434395848776875 7.17705415966161E-4 0.0
-0.6375092661230544 7.863183830210077E-4 0.0
-0.6315789473684212 8.614907812064277E-4 0.0
-0.6256486286137881 9.438496951480187E-4 0.0
-0.619718309859155 0.0010340821590492965 0.0
-0.6137879911045219 0.0011329408878988493 0.0
-0.6078576723498887 0.0012412505565835253 0.0
-0.6019273535952561 0.0013599146792877231 0.0
-0.5959970348406229 0.0014899231465664074 0.0
-0.5900667160859898 0.0016323604829657672 0.0
-0.5841363973313567 0.0017884148940761951 0.0
-0.5782060785767236 0.001959388178487682 0.0
-0.5722757598220904 0.002146706587332697 0.0
-0.5663454410674573 0.0023519327220063485 0.0
-0.5604151223128246 0.002576778569314048 0.0
-0.5544848035581915 0.002823119782785279 0.0
-0.5485544848035584 0.003093011329287506 0.0
-0.5426241660489253 0.003388704631463556 0.0
-0.5366938472942921 0.0037126663489938814 0.0
-0.530763528539659 0.004067598955356105 0.0
-0.5248332097850259 0.0044564632817322295 0.0
-0.5189028910303932 0.0048825032161236995 0.0
-0.5129725722757601 0.005349272763713225 0.0
-0.507042253521127 0.005860665694209583 0.0
-0.5011119347664938 0.006420948023492201 0.0
-0.4951816160118607 0.007034793600515858 0.0
-0.4892512972572276 0.007707323096339806 0.0
-0.4833209785025945 0.008444146720525963 0.0
-0.4773906597479618 0.009251411021244372 0.0
-0.4714603409933287 0.010135850159490211 0.0
-0.46553002223869555 0.011104842085139484 0.0
-0.4595997034840624 0.012166470083461391 0.0
-0.4536693847294293 0.013329590205505545 0.0
-0.4477390659747962 0.014603905144865119 0.0
-0.44180874722016306 0.01600004517709246 0.0
-0.4358784284655304 0.017529656836959968 0.0
-0.42994810971089725 0.019205500073307805 0.0
-0.42401779095626413 0.021041554691939596 0.0
-0.418087472201631 0.02305313697450784 0.0
-0.4121571534469979 0.025257027446218237 0.0
-0.40622683469236476 0.027671610858185175 0.0
-0.40029651593773163 0.030317029552164632 0.0
-0.39436619718309895 0.033215351487025924 0.0
-0.38843587842846583 0.03639075432863122 0.0
-0.3825055596738327 0.039869727138791965 0.0
-0.3765752409191996 0.043681291345782185 0.0
-0.37064492216456646 0.04785724283973413 0.0
-0.36471460340993334 0.05243241721246491 0.0
-0.3587842846553002 0.05744498035435213 0.0
-0.3528539659006671 0.06293674683240431 0.0
-0.3469236471460344 0.06895352870542083 0.0
-0.3409933283914013 0.07554551768604115 0.0
-0.33506300963676816 0.08276770383766141 0.0
-0.32913269088213504 0.09068033429896828 0.0
-0.3232023721275019 0.09934941586274866 0.0
-0.3172720533728688 0.10884726560146432 0.0
-0.31134173461823567 0.11925311413288396 0.0
-0.305411415863603 0.13065376655818656 0.0
-0.29948109710896986 0.14314432658605059 0.0
-0.29355077835433674 0.15682898988333846 0.0
-0.2876204595997036 0.1718219132704704 0.0
-0.2816901408450705 0.1882481670122748 0.0
-0.27575982209043737 0.2062447781482807 0.0
-0.26982950333580424 0.2259618735658653 0.0
-0.26389918458117156 0.24756393235171822 0.0
-0.25796886582653844 0.27123115786868085 0.0
-0.2520385470719053 0.29716098100376087 0.0
-0.2461082283172722 0.32531935713313126 -10.0
-0.24017790956263907 0.35341606031011 -10.0
-0.23424759080800595 0.38119752405965096 -10.0
-0.22831727205337282 0.40863896792124493 -10.0
-0.22238695329874014 0.43571591472471627 -10.0
-0.21645663454410702 0.4624042124233256 -10.0
-0.2105263157894739 0.488680055636869 -10.0
-0.20459599703484077 0.5145200068855592 -10.0
-0.19866567828020765 0.5399010174957463 -10.0
-0.19273535952557452 0.5648004481588331 -10.0
-0.1868050407709414 0.5891960891250455 -10.0
-0.18087472201630872 0.6130661800140444 -10.0
-0.1749444032616756 0.6363894292247123 -10.0
-0.16901408450704247 0.6591450329267967 -10.0
-0.16308376575240935 0.6813126936174739 -10.0
-0.15715344699777622 0.7028726382262795 -10.0
-0.1512231282431431 0.7238056357522564 -10.0
-0.14529280948850998 0.7440930144175888 -10.0
-0.1393624907338773 0.7637166783224213 -10.0
-0.13343217197924417 0.7826591235860073 -10.0
-0.12750185322461105 0.8009034539597897 -10.0
-0.12157153446997793 0.8184333958984856 -10.0
-0.1156412157153448 0.8352333130757355 -10.0
-0.10971089696071168 0.8512882203313648 -10.0
-0.10378057820607856 0.8665837970378208 -10.0
-0.09785025945144588 0.8811063998738609 -10.0
-0.09191994069681275 0.8948430749940962 -10.0
-0.08598962194217963 0.907781569583542 -10.0
-0.0800593031875465 0.9199103427868597 -10.0
-0.07412898443291338 0.9312185760025495 -10.0
-0.06819866567828026 0.941696182532907 -10.0
-0.06226834692364713 0.9513338165811378 -10.0
-0.056338028169014454 0.9601228815876046 -10.0
-0.05040770941438133 0.9680555378977714 -10.0
-0.044477390659748206 0.975124709755004 -10.0
-0.03854707190511508 0.9813240916119916 -10.0
-0.03261675315048196 0.9866481537551571 -10.0
-0.026686434395848835 0.991092147237041 -10.0
-0.02075611564121571 0.9946521081122598 -10.0
-0.014825796886582587 0.9973248609732581 -10.0
-0.008895478131949908 0.9991080217827044 -10.0
-0.002965159377316784 0.9999999999999984 -10.0
0.00296515937731634 1.0 -10.0
0.00889547813194902 0.999108021782709 -10.0
0.014825796886582587 0.9973248609732656 -10.0
0.020756115641215267 0.9946521081122702 -10.0
0.026686434395848835 0.9910921472370544 -10.0
0.032616753150481514 0.9866481537551736 -10.0
0.03854707190511508 0.9813240916120111 -10.0
0.04447739065974776 0.9751247097550265 -10.0
0.05040770941438044 0.9680555378977969 -10.0
0.05633802816901401 0.9601228815876331 -10.0
0.06226834692364669 0.9513338165811693 -10.0
0.06819866567828026 0.9416961825329415 -10.0
0.07412898443291294 0.9312185760025871 -10.0
0.0800593031875465 0.9199103427869002 -10.0
0.08598962194217918 0.9077815695835855 -10.0
0.09191994069681186 0.8948430749941424 -10.0
0.09785025945144543 0.8811063998739096 -10.0
0.10378057820607811 0.8665837970378722 -10.0
0.10971089696071168 0.8512882203314187 -10.0
0.11564121571534436 0.8352333130757917 -10.0
0.12157153446997793 0.8184333958985442 -10.0
0.1275018532246106 0.8009034539598506 -10.0
0.13343217197924329 0.7826591235860707 -10.0
0.13936249073387685 0.763716678322487 -10.0
0.14529280948850953 0.744093014417657 -10.0
0.1512231282431431 0.7238056357523269 -10.0
0.15715344699777578 0.7028726382263524 -10.0
0.16308376575240935 0.6813126936175491 -10.0
0.16901408450704203 0.6591450329268742 -10.0
0.1749444032616747 0.636389429224792 -10.0
0.18087472201630828 0.6130661800141263 -10.0
0.18680504077094096 0.5891960891251291 -10.0
0.19273535952557452 0.5648004481589185 -10.0
0.1986656782802072 0.5399010174958331 -10.0
0.20459599703484077 0.5145200068856474 -10.0
0.21052631578947345 0.4886800556369585 -10.0
0.21645663454410702 0.4624042124234161 -10.0
0.2223869532987397 0.43571591472480775 -10.0
0.22831727205337238 0.40863896792133714 -10.0
0.23424759080800595 0.3811975240597439 -10.0
0.24017790956263863 0.3534160603102035 -10.0
0.2461082283172722 0.32531935713321725 -10.0
0.2520385470719049 0.2971609810038395 0.0
0.25796886582653844 0.2712311578687526 0.0
0.2638991845811711 0.2475639323517837 0.0
0.2698295033358038 0.22596187356592506 0.0
0.27575982209043737 0.20624477814833525 0.0
0.28169014084507005 0.18824816701232455 0.0
0.2876204595997036 0.17182191327051585 0.0
0.2935507783543363 0.15682898988337995 0.0
0.29948109710896986 0.14314432658608842 0.0
0.30541141586360254 0.1306537665582211 0.0
0.3113417346182352 0.11925311413291549 0.0
0.3172720533728688 0.1088472656014931 0.0
0.32320237212750147 0.09934941586277493 0.0
0.32913269088213504 0.09068033429899226 0.0
0.3350630096367677 0.08276770383768331 0.0
0.3409933283914013 0.07554551768606113 0.0
0.34692364714603396 0.06895352870543907 0.0
0.35285396590066664 0.06293674683242097 0.0
0.3587842846553002 0.05744498035436732 0.0
0.3647146034099329 0.05243241721247877 0.0
0.37064492216456646 0.04785724283974679 0.0
0.37657524091919914 0.04368129134579373 0.0
0.3825055596738327 0.03986972713880251 0.0
0.3884358784284654 0.036390754328640834 0.0
0.39436619718309807 0.03321535148703471 0.0
0.40029651593773163 0.03031702955217265 0.0
0.4062268346923643 0.027671610858192492 0.0
0.4121571534469979 0.025257027446224916 0.0
0.41808747220163056 0.023053136974513937 0.0
0.42401779095626413 0.02104155469194516 0.0
0.4299481097108968 0.019205500073312884 0.0
0.4358784284655295 0.017529656836964606 0.0
0.44180874722016306 0.016000045177096692 0.0
0.44773906597479574 0.014603905144868982 0.0
0.4536693847294293 0.01332959020550907 0.0
0.459599703484062 0.012166470083464607 0.0
0.46553002223869555 0.01110484208514242 0.0
0.47146034099332823 0.010135850159492891 0.0
0.4773906597479609 0.009251411021246816 0.0
0.4833209785025945 0.008444146720528196 0.0
0.48925129725722716 0.007707323096341844 0.0
0.4951816160118607 0.007034793600517718 0.0
0.5011119347664934 0.0064209480234939 0.0
0.507042253521127 0.005860665694211133 0.0
0.5129725722757597 0.00534927276371464 0.0
0.5189028910303923 0.004882503216124991 0.0
0.5248332097850259 0.004456463281733408 0.0
0.5307635285396586 0.004067598955357182 0.0
0.5366938472942921 0.0037126663489948633 0.0
0.5426241660489248 0.003388704631464452 0.0
0.5485544848035584 0.003093011329288324 0.0
0.5544848035581911 0.002823119782786026 0.0
0.5604151223128238 0.0025767785693147295 0.0
0.5663454410674573 0.0023519327220069704 0.0
0.57227575982209 0.002146706587333265 0.0
0.5782060785767236 0.0019593881784882 0.0
0.5841363973313562 0.001788414894076668 0.0
0.5900667160859898 0.0016323604829661987 0.0
0.5959970348406225 0.0014899231465668012 0.0
0.6019273535952552 0.0013599146792880829 0.0
0.6078576723498887 0.0012412505565838536 0.0
0.6137879911045214 0.0011329408878991488 0.0
0.619718309859155 0.00103408215904957 0.0
0.6256486286137877 9.438496951482683E-4 0.0
0.6315789473684212 8.614907812066555E-4 0.0
0.6375092661230539 7.863183830212157E-4 0.0
0.6434395848776866 7.177054159663509E-4 0.0
0.6493699036323202 6.55079513883799E-4 0.0
0.6553002223869528 5.97918254430943E-4 0.0
0.6612305411415864 5.457448010580926E-4 0.0
0.6671608598962191 4.981239252603153E-4 0.0
0.6730911786508527 4.546583759216274E-4 0.0
0.6790214974054853 4.1498556546478837E-4 0.0
0.684951816160118 3.787745451627085E-4 0.0
0.6908821349147516 3.457232443796655E-4 0.0
0.6968124536693843 3.155559507122061E-4 0.0
0.7027427724240178 2.8802101000918707E-4 0.0
0.7086730911786505 2.6288872708463037E-4 0.0
0.7146034099332841 2.3994944961123782E-4 0.0
0.7205337286879168 2.19011819210494E-4 0.0
0.7264640474425494 1.999011751500331E-4 0.0
0.732394366197183 1.8245809733198867E-4 0.0
0.7383246849518157 1.6653707641800189E-4 0.0
0.7442550037064493 1.5200529999713505E-4 0.0
0.7501853224610819 1.387415446709584E-4 0.0
0.7561156412157155 1.2663516481363707E-4 0.0
0.7620459599703482 1.1558516957130148E-4 0.0
0.7679762787249809 1.0549938040107337E-4 0.0
0.7739065974796144 9.629366212197751E-5 0.0
0.7798369162342471 8.789122106320189E-5 0.0
0.7857672349888807 8.02219644548916E-5 0.0
0.7916975537435134 7.32219157175451E-5 0.0
0.7976278724981469 6.683268077238363E-5 0.0
0.8035581912527796 6.1000960920680603E-5 0.0
0.8094885100074123 5.56781082285125E-5 0.0
0.8154188287620459 5.081971970797216E-5 0.0
0.8213491475166785 4.638526690952287E-5 0.0
0.8272794662713121 4.233775783557015E-5 0.0
0.8332097850259448 3.864342835495003E-5 0.0
0.8391401037805784 3.5271460544127934E-5 0.0
0.845070422535211 3.219372560552366E-5 0.0
0.8510007412898437 2.938454921839912E-5 0.0
0.8569310600444773 2.6820497364876993E-5 0.0
0.86286137879911 2.4480180844460934E-5 0.0
0.8687916975537435 2.2344076846326616E-5 0.0
0.8747220163083762 2.0394366090948017E-5 0.0
0.8806523350630098 1.861478418250202E-5 0.0
0.8865826538176425 1.6990485932040074E-5 0.0
0.8925129725722751 1.550792151961713E-5 0.0
0.8984432913269087 1.4154723462328157E-5 0.0
0.9043736100815414 1.2919603445344859E-5 0.0
0.910303928836175 1.1792258155321994E-5 0.0
0.9162342475908076 1.0763283330639893E-5 0.0
0.9221645663454412 9.824095311494418E-6 0.0
0.9280948851000739 8.966859435408801E-6 0.0
0.9340252038547074 8.184424680846148E-6 0.0
0.9399555226093401 7.470264013722628E-6 0.0
0.9458858413639728 6.818419939194788E-6 0.0
0.9518161601186064 6.223454804516535E-6 0.0
0.957746478873239 5.680405438394553E-6 0.0
0.9636767976278726 5.184741748445792E-6 0.0
0.9696071163825053 4.732328931378922E-6 0.0
0.9755374351371389 4.319392980658914E-6 0.0
0.9814677538917715 3.94248920392123E-6 0.0
0.9873980726464042 3.598473487509436E-6 0.0
0.9933283914010378 3.2844760684262965E-6 0.0
0.9992587101556705 2.997877594905241E-6 0.0
1.005189028910304 2.7362872759005786E-6 0.0
1.0111193476649367 2.4975229372205482E-6 0.0
1.0170496664195703 2.2795928179323942E-6 0.0
1.022979985174203 2.080678955185933E-6 0.0
1.0289103039288356 1.8991220188525867E-6 0.0
1.0348406226834692 1.73340746947115E-6 0.0
1.040770941438102 1.582152924030526E-6 0.0
1.0467012601927355 1.4440966241953797E-6 0.0
1.0526315789473681 1.3180869107771884E-6 0.0
1.0585618977020017 1.2030726166472195E-6 0.0
1.0644922164566344 1.0980942979495649E-6 0.0
1.070422535211267 1.0022762304654229E-6 0.0
1.0763528539659006 9.148191043626714E-7 0.0
1.0822831727205333 8.349933563906784E-7 0.0
1.0882134914751669 7.621330838978264E-7 0.0
1.0941438102297996 6.956304899027766E-7 0.0
1.1000741289844331 6.349308128805102E-7 0.0
1.1060044477390658 5.795276989676649E-7 0.0
1.1119347664936985 5.289589779823169E-7 0.0
1.117865085248332 4.828028080219658E-7 0.0
1.1237954040029647 4.4067415647813763E-7 0.0
1.1297257227575983 4.022215881123935E-7 0.0
1.135656041512231 3.671243334000281E-7 0.0
1.1415863602668646 3.350896126857147E-7 0.0
1.1475166790214972 3.0585019382933034E-7 0.0
1.15344699777613 2.7916216296795667E-7 0.0
1.1593773165307635 2.5480288979785673E-7 0.0
1.1653076352853962 2.3256917040290666E-7 0.0
1.1712379540400297 2.122755321370425E-7 0.0
1.1771682727946624 1.9375268642013173E-7 0.0
1.183098591549296 1.7684611654056517E-7 0.0
1.1890289103039287 1.61414788684084E-7 0.0
1.1949592290585613 1.4732997543630553E-7 0.0
1.200889547813195 1.3447418194466018E-7 0.0
1.2068198665678276 1.2274016578183334E-7 0.0
1.2127501853224611 1.1203004233445829E-7 0.0
1.2186805040770938 1.0225446825425538E-7 0.0
1.2246108228317274 9.333189616000406E-8 0.0
1.23054114158636 8.51878943731075E-8 0.0
1.2364714603409928 7.775452601201501E-8 0.0
1.2424017790956263 7.096978226593748E-8 0.0
1.248332097850259 6.477706512025133E-8 0.0
1.2542624166048926 5.912471521851094E-8 0.0
1.2601927353595253 5.396558092251612E-8 0.0
1.2661230541141588 4.925662497555421E-8 0.0
1.2720533728687915 4.495856548761988E-8 0.0
1.2779836916234242 4.103554824772814E-8 0.0
1.2839140103780577 3.745484762976522E-8 0.0
1.2898443291326904 3.418659359684798E-8 0.0
1.295774647887324 3.120352252687494E-8 0.0
1.3017049666419567 2.848074978066735E-8 0.0
1.3076352853965902 2.599556211547443E-8 0.0
1.313565604151223 2.3727228212165945E-8 0.0
1.3194959229058556 2.1656825735538782E-8 0.0
1.3254262416604892 1.9767083485082747E-8 0.0
1.3313565604151218 1.8042237319434676E-8 0.0
1.3372868791697554 1.6467898652649348E-8 0.0
1.343217197924388 1.503093442528931E-8 0.0
1.3491475166790217 1.3719357549058018E-8 0.0
1.3550778354336543 1.2522226911070597E-8 0.0
1.361008154188287 1.1429556103602465E-8 0.0
1.3669384729429206 1.0432230117943745E-8 0.0
1.3728687916975533 9.521929307423423E-9 0.0
1.3787991104521868 8.691059985306396E-9 0.0
1.3847294292068195 7.932691078614319E-9 0.0
1.390659747961453 7.240496309439376E-9 0.0
1.3965900667160858 6.608701421430216E-9 0.0
1.4025203854707184 6.032036011215848E-9 0.0
1.408450704225352 5.5056895629475216E-9 0.0
1.4143810229799847 5.025271319200779E-9 0.0
1.4203113417346183 4.586773653482622E-9 0.0
1.426241660489251 4.186538638798966E-9 0.0
1.4321719792438845 3.821227533398953E-9 0.0
1.4381022979985172 3.4877929291475987E-9 0.0
1.4440326167531499 3.183453330189835E-9 0.0
1.4499629355077834 2.9056699498423348E-9 0.0
1.4558932542624161 2.6521255321538796E-9 0.0
1.4618235730170497 2.4207050214647265E-9 0.0
1.4677538917716824 2.209477918711333E-9 0.0
1.473684210526316 2.0166821772935704E-9 0.0
1.4796145292809486 1.840709504164494E-9 0.0
1.4855448480355813 1.6800919435250567E-9 0.0
1.4914751667902149 1.5334896312055726E-9 0.0
1.4974054855448475 1.399679617581555E-9 0.0
1.503335804299481 1.2775456657852155E-9 0.0
1.5092661230541138 1.1660689401097827E-9 0.0
1.5151964418087474 1.0643195069297436E-9 0.0
1.52112676056338 9.714485772380874E-10 0.0
1.5270570793180127 8.866814260881525E-10 0.0
1.5329873980726463 8.093109298744003E-10 0.0
1.538917716827279 7.386916675404105E-10 0.0
1.5448480355819125 6.7423453650665E-10 0.0
1.5507783543365452 6.154018384043415E-10 0.0
1.5567086730911788 5.617027936208486E-10 0.0
1.5626389918458115 5.126894472391288E-10 0.0
1.5685693106004441 4.679529322187927E-10 0.0
1.5744996293550777 4.271200586463979E-10 0.0
1.5804299481097104 3.898502006026666E-10 0.0
1.586360266864344 3.5583245467701733E-10 0.0
1.5922905856189766 3.247830464258726E-10 0.0
1.5982209043736102 2.9644296313953834E-10 0.0
1.6041512231282429 2.7057579317030884E-10 0.0
1.6100815418828756 2.469657537975714E-10 0.0
1.6160118606375091 2.2541589117845558E-10 0.0
1.6219421793921418 2.0574643736809878E-10 0.0
1.6278724981467754 1.8779331070386788E-10 0.0
1.633802816901408 1.714067470438132E-10 0.0
1.6397331356560416 1.5645005044120902E-10 0.0
1.6456634544106743 1.4279845283336707E-10 0.0
1.651593773165307 1.3033807323230019E-10 0.0
1.6575240919199405 1.1896496773485304E-10 0.0
1.6634544106745732 1.0858426242752937E-10 0.0
1.6693847294292068 9.910936195274824E-11 0.0
1.6753150481838395 9.046122713442605E-11 0.0
1.681245366938473 8.256771563687082E-11 0.0
1.6871756856931057 7.536298015679594E-11 0.0
1.6931060044477384 6.878691912819966E-11 0.0
1.699036323202372 6.278467535791577E-11 0.0
1.7049666419570046 5.730617840947699E-11 0.0
1.7108969607116382 5.230572691787865E-11 0.0
1.716827279466271 4.774160735093179E-11 0.0
1.7227575982209045 4.357574603693096E-11 0.0
1.7286879169755371 3.9773391555867764E-11 0.0
1.7346182357301707 3.630282484471235E-11 0.0
1.7405485544848034 3.3135094598474976E-11 0.0
1.746478873239436 3.024377575977545E-11 0.0
1.7524091919940696 2.7604749082251882E-11 0.0
1.7583395107487023 2.5195999928936903E-11 0.0
1.7642698295033359 2.2997434627187017E-11 0.0
1.7702001482579686 2.0990712848206278E-11 0.0
1.7761304670126021 1.9159094612882326E-11 0.0
1.7820607857672348 1.7487300647664465E-11 0.0
1.7879911045218675 1.5961384925579226E-11 0.0
1.793921423276501 1.456861832912636E-11 0.0
1.7998517420311337 1.3297382464576728E-11 0.0
1.8057820607857673 1.2137072741875865E-11 0.0
1.8117123795404 1.1078009911650317E-11 0.0
1.8176426982950336 1.0111359321362619E-11 0.0
1.8235730170496662 9.229057217053514E-12 0.0
1.829503335804299 8.423743475884033E-12 0.0
1.8354336545589325 7.688700208335414E-12 0.0
1.8413639733135652 7.017795717889317E-12 0.0
1.8472942920681987 6.405433350702595E-12 0.0
1.8532246108228314 5.846504808582997E-12 0.0
1.859154929577465 5.3363475358048676E-12 0.0
1.8650852483320977 4.870705824287604E-12 0.0
1.8710155670867303 4.445695312678128E-12 0.0
1.876945885841364 4.05777058319038E-12 0.0
1.8828762045959966 3.7036955858961504E-12 0.0
1.8888065233506302 3.3805166437481297E-12 0.0
1.8947368421052628 3.085537813144276E-12 0.0
1.9006671608598964 2.816298394492538E-12 0.0
1.906597479614529 2.57055240517008E-12 0.0
1.9125277983691618 2.3462498436414137E-12 0.0
1.9184581171237953 2.141519588441586E-12 0.0
1.924388435878428 1.9546537893685345E-12 0.0
1.9303187546330616 1.784093620676674E-12 0.0
1.9362490733876943 1.628416277425525E-12 0.0
1.9421793921423278 1.4863231065075206E-12 0.0
1.9481097108969605 1.356628773344598E-12 0.0
1.9540400296515932 1.2382513738826521E-12 0.0
1.9599703484062267 1.1302034093985783E-12 0.0
1.9659006671608594 1.0315835488321647E-12 0.0
1.971830985915493 9.41569109924596E-13 0.0
1.9777613046701257 8.59409196441572E-13 0.0
1.9836916234247592 7.84418434232084E-13 0.0
1.989621942179392 7.1597125386934E-13 0.0
1.9955522609340246 6.534966721799004E-13 0.0
2.001482579688658 5.964735291287816E-13 0.0
2.007412898443291 5.444261403268493E-13 0.0
2.0133432171979244 4.969203288939182E-13 0.0
2.019273535952557 4.535598035755484E-13 0.0
2.0252038547071907 4.139828528999588E-13 0.0
2.0311341734618233 3.7785932779786616E-13 0.0
2.037064492216456 3.4488788751440947E-13 0.0
2.0429948109710896 3.147934858386833E-13 0.0
2.0489251297257223 2.873250766811261E-13 0.0
2.054855448480356 2.6225351985879667E-13 0.0
2.0607857672349885 2.393696696186982E-13 0.0
2.066716085989622 2.1848262995369978E-13 0.0
2.0726464047442548 1.994181621569843E-13 0.0
2.0785767234988874 1.8201723133091505E-13 0.0
2.084507042253521 1.661346797253668E-13 0.0
2.0904373610081537 1.5163801583857134E-13 0.0
2.0963676797627873 1.3840630917921402E-13 0.0
2.10229799851742 1.2632918146993776E-13 0.0
2.1082283172720535 1.1530588587692229E-13 0.0
2.114158636026686 1.0524446658451361E-13 0.0
2.120088954781319 9.606099170411622E-14 0.0
2.1260192735359524 8.767885311830841E-14 0.0
2.131949592290585 8.002812741951413E-14 0.0
2.1378799110452187 7.304499261221119E-14 0.0
2.1438102297998514 6.66711957128333E-14 0.0
2.149740548554485 6.085356680610884E-14 0.0
2.1556708673091176 5.554357550411751E-14 0.0
2.1616011860637503 5.069692610806674E-14 0.0
2.167531504818384 4.627318809564661E-14 0.0
2.1734618235730165 4.223545885150596E-14 0.0
2.17939214232765 3.855005582736316E-14 0.0
2.185322461082283 3.5186235563765576E-14 0.0
2.1912527798369164 3.2115937229590405E-14 0.0
2.197183098591549 2.9313548539905493E-14 0.0
2.2031134173461817 2.6755692099487714E-14 0.0
2.2090437361008153 2.4421030389686738E-14 0.0
2.214974054855448 2.2290087771843587E-14 0.0
2.2209043736100815 2.0345088022424937E-14 0.0
2.226834692364714 1.856980604459879E-14 0.0
2.2327650111193478 1.6949432519236478E-14 0.0
2.2386953298739805 1.5470450366265948E-14 0.0
2.244625648628613 1.4120521985822778E-14 0.0
2.2505559673832467 1.2888386338569815E-14 0.0
2.2564862861378794 1.1763765006634354E-14 0.0
2.262416604892513 1.0737276451527542E-14 0.0
2.2683469236471456 9.80035775378961E-15 0.0
2.274277242401779 8.945193181516716E-15 0.0
2.280207561156412 8.164648991891372E-15 0.0
2.2861378799110446 7.452213921833928E-15 0.0
2.292068198665678 6.801944871350852E-15 0.0
2.297998517420311 6.208417326472876E-15 0.0
2.3039288361749444 5.666680108213486E-15 0.0
2.309859154929577 5.172214070065654E-15 0.0
2.3157894736842106 4.720894399493298E-15 0.0
2.3217197924388433 4.308956208938253E-15 0.0
2.327650111193476 3.932963129304557E-15 0.0
2.3335804299481095 3.589778643928371E-15 0.0
2.3395107487027422 3.2765399239028363E-15 0.0
2.345441067457376 2.990633946493393E-15 0.0
2.3513713862120085 2.7296756974244857E-15 0.0
2.357301704966642 2.491488275202159E-15 0.0
2.3632320237212747 2.2740847315037345E-15 0.0
2.3691623424759074 2.0756514961479396E-15 0.0
2.375092661230541 1.8945332483773836E-15 0.0
2.3810229799851736 1.7292191082503092E-15 0.0
2.386953298739807 1.5783300329508704E-15 0.0
2.39288361749444 1.4406073128785355E-15 0.0
2.3988139362490735 1.3149020715515434E-15 0.0
2.404744255003706 1.2001656817330883E-15 0.0
2.410674573758339 1.0954410178320155E-15 0.0
2.4166048925129724 9.998544716059585E-16 0.0
2.422535211267605 9.126086645622896E-16 0.0
2.4284655300222386 8.3297579626407145E-16 0.0
2.4343958487768713 7.602915730528938E-16 0.0
2.440326167531505 6.939496665422815E-16 0.0
2.4462564862861376 6.333966556546862E-16 0.0
2.452186805040771 5.781274100087736E-16 0.0
2.458117123795404 5.276808761454339E-16 0.0
2.4640474425500365 4.816362314414172E-16 0.0
2.46997776130467 4.3960937362671507E-16 0.0
2.4759080800593027 4.0124971662141067E-16 0.0
2.4818383988139363 3.662372659630165E-16 0.0
2.487768717568569 3.3427994942765305E-16 0.0
2.4936990363232026 3.0511118057723376E-16 0.0
2.4996293550778352 2.784876349078815E-16 0.0
2.505559673832468 2.5418722004831177E-16 0.0
2.5114899925871015 2.3200722307567086E-16 0.0
2.517420311341734 2.1176261949382623E-16 0.0
2.5233506300963677 1.9328452976768323E-16 0.0
2.5292809488510004 1.764188105380119E-16 0.0
2.535211267605634 1.610247687647619E-16 0.0
2.5411415863602667 1.4697398807231094E-16 0.0
2.5470719051148993 1.341492575060723E-16 0.0
2.553002223869533 1.2244359376420055E-16 0.0
2.5589325426241656 1.1175934874789698E-16 0.0
2.564862861378799 1.0200739498554207E-16 0.0
2.570793180133432 9.310638213550078E-17 0.0
2.5767234988880654 8.498205836538186E-17 0.0
2.582653817642698 7.756665094672916E-17 0.0
2.5885841363973308 7.079830089809434E-17 0.0
2.5945144551519643 6.462054696031026E-17 0.0
2.600444773906597 5.89818545993109E-17 0.0
2.6063750926612306 5.3835186107461396E-17 0.0
2.6123054114158633 4.913760821720355E-17 0.0
2.618235730170497 4.484993395374828E-17 0.0
2.6241660489251295 4.093639573916688E-17 0.0
2.630096367679762 3.7364347020930854E-17 0.0
2.6360266864343957 3.4103989935899454E-17 0.0
2.6419570051890284 3.1128126737940655E-17 0.0
2.647887323943662 2.841193291560654E-17 0.0
2.6538176426982947 2.5932750107221236E-17 0.0
2.6597479614529282 2.3669897085888785E-17 0.0
2.665678280207561 2.160449723766687E-17 0.0
2.6716085989621936 1.97193210937372E-17 0.0
2.677538917716827 1.7998642602983438E-17 0.0
2.68346923647146 1.6428107946009175E-17 0.0
2.6893995552260934 1.4994615796248673E-17 0.0
2.695329873980726 1.3686208029314142E-17 0.0
2.7012601927353597 1.2491969968882054E-17 0.0
2.7071905114899923 1.1401939336974348E-17 0.0
2.713120830244625 1.0407023149102043E-17 0.0
2.7190511489992586 9.498921861014413E-18 0.0
2.7249814677538913 8.670060134289492E-18 0.0
2.730911786508525 7.91352364321569E-18 0.0
2.7368421052631575 7.223001395810473E-18 0.0
2.742772424017791 6.592733087820766E-18 0.0
2.7487027427724238 6.017461050534623E-18 0.0
2.7546330615270564 5.4923863915550146E-18 0.0
2.76056338028169 5.013128962664176E-18 0.0
2.7664936990363227 4.575690820832277E-18 0.0
2.7724240177909563 4.1764228775638825E-18 0.0
2.778354336545589 3.811994458372593E-18 0.0
2.7842846553002225 3.479365518450446E-18 0.0
2.790214974054855 3.1757612827564785E-18 0.0
2.796145292809488 2.898649098973278E-18 0.0
2.8020756115641214 2.645717310239935E-18 0.0
2.808005930318754 2.4148559714187617E-18 0.0
2.8139362490733877 2.2041392480317568E-18 0.0
2.8198665678280204 2.0118093510395655E-18 0.0
2.825796886582654 1.8362618734476272E-18 0.0
2.8317272053372866 1.6760324064181554E-18 0.0
2.8376575240919193 1.5297843232401848E-18 0.0
2.843587842846553 1.3962976292521402E-18 0.0
2.8495181616011855 1.274458784703497E-18 0.0
2.855448480355819 1.1632514156583244E-18 0.0
2.861378799110452 1.0617478354515068E-18 0.0
2.8673091178650854 9.691013059700226E-19 0.0
2.873239436619718 8.84538974203256E-19 0.0
2.8791697553743507 8.073554251393725E-19 0.0
2.8851000741289843 7.36906797226321E-19 0.0
2.891030392883617 6.726054113089181E-19 0.0
2.8969607116382505 6.13914868236854E-19 0.0
2.902891030392883 5.603455742480978E-19 0.0
2.9088213491475168 5.114506568006614E-19 0.0
2.9147516679021495 4.668222367827794E-19 0.0
2.920681986656782 4.2608802600445796E-19 0.0
2.9266123054114157 3.8890822158682754E-19 0.0
2.9325426241660484 3.5497267134243864E-19 0.0
2.938472942920682 3.2399828650023784E-19 0.0
2.9444032616753146 2.9572668019229554E-19 0.0
2.950333580429948 2.69922012002653E-19 0.0
2.956263899184581 2.4636902059761623E-19 0.0
2.9621942179392136 2.2487122802579004E-19 0.0
2.968124536693847 2.0524930070820803E-19 0.0
2.97405485544848 1.873395534460144E-19 0.0
2.9799851742031134 1.7099258396619986E-19 0.0
2.985915492957746 1.560720266148362E-19 0.0
2.9918458117123796 1.4245341480117677E-19 0.0
2.9977761304670123 1.3002314270318482E-19 0.0
3.003706449221645 1.1867751757308583E-19 0.0
3.0096367679762785 1.0832189473732115E-19 0.0
3.0155670867309112 9.886988807511306E-20 0.0
3.021497405485545 9.024264938949046E-20 0.0
3.0274277242401775 8.23682106593218E-20 0.0
3.033358042994811 7.518088368545291E-20 0.0
3.0392883617494437 6.862071212282562E-20 0.0
3.0452186805040764 6.26329713274548E-20 0.0
3.05114899925871 5.716771184601075E-20 0.0
3.0570793180133427 5.217934273981861E-20 0.0
3.063009636767976 4.7626251267382673E-20 0.0
3.068939955522609 4.347045575284555E-20 0.0
3.0748702742772425 3.9677288744626594E-20 0.0
3.080800593031875 3.621510782116422E-20 0.0
3.086730911786508 3.3055031631316935E-20 0.0
3.0926612305411414 3.0170698967484545E-20 0.0
3.098591549295774 2.753804886164874E-20 0.0
3.1045218680504076 2.5135119869904604E-20 0.0
3.1104521868050403 2.294186687112391E-20 0.0
3.116382505559674 2.0939993851493333E-20 0.0
3.1223128243143066 1.9112801280023955E-20 0.0
3.1282431430689392 1.744504680184573E-20 0.0
3.134173461823573 1.5922818087196904E-20 0.0
3.1401037805782055 1.4533416775420613E-20 0.0
3.146034099332839 1.3265252545834916E-20 0.0
3.1519644180874717 1.2107746431820374E-20 0.0
3.1578947368421053 1.1051242571575916E-20 0.0
3.163825055596738 1.0086927659371828E-20 0.0
3.1697553743513707 9.20675742536606E-21 0.0
3.1756856931060042 8.40338953068188E-21 0.0
3.181616011860637 7.67012231796079E-21 0.0
3.1875463306152705 7.000838906450658E-21 0.0
3.193476649369903 6.389956165272905E-21 0.0
3.1994069681245367 5.832378139206169E-21 0.0
3.2053372868791694 5.323453538466461E-21 0.0
3.211267605633802 4.858936937865605E-21 0.0
3.2171979243884357 4.4349533616731016E-21 0.0
3.2231282431430683 4.047965958750048E-21 0.0
3.229058561897702 3.694746498302552E-21 0.0
3.2349888806523346 3.37234844013161E-21 0.0
3.240919199406968 3.078082354732757E-21 0.0
3.246849518161601 2.8094934882010636E-21 0.0
3.2527798369162344 2.5643412847890176E-21 0.0
3.258710155670867 2.3405806962953903E-21 0.0
3.2646404744254998 2.136345122368908E-21 0.0
3.2705707931801333 1.9499308394155258E-21 0.0
3.276501111934766 1.7797827882159868E-21 0.0
3.2824314306893996 1.6244816016946326E-21 0.0
3.2883617494440323 1.4827317646257238E-21 0.0
3.294292068198666 1.3533508065060893E-21 0.0
3.3002223869532985 1.2352594374415608E-21 0.0
3.306152705707931 1.1274725447612145E-21 0.0
3.3120830244625648 1.0290909752536012E-21 0.0
3.3180133432171974 9.392940344727593E-22 0.0
3.323943661971831 8.573326405435768E-22 0.0
3.3298739807264637 7.825230753558671E-22 0.0
3.3358042994810972 7.142412810199094E-22 0.0
3.34173461823573 6.519176540047548E-22 0.0
3.3476649369903626 5.950322935322441E-22 0.0
3.353595255744996 5.431106645890619E-22 0.0
3.359525574499629 4.957196393778751E-22 0.0
3.3654558932542624 4.524638841855312E-22 0.0
3.371386212008895 4.129825615277341E-22 0.0
3.3773165307635287 3.76946320059647E-22 0.0
3.3832468495181613 3.440545471423966E-22 0.0
3.389177168272794 3.1403286114651577E-22 0.0
3.3951074870274276 2.866308225732394E-22 0.0
3.4010378057820603 2.6161984489993245E-22 0.0
3.406968124536694 2.387912877220223E-22 0.0
3.4128984432913265 2.179547162845137E-22 0.0
3.41882876204596 1.9893631288418013E-22 0.0
3.4247590808005928 1.8157742689042244E-22 0.0
3.4306893995552254 1.6573325128913764E-22 0.0
3.436619718309859 1.5127161470938814E-22 0.0
3.4425500370644917 1.380718788560144E-22 0.0
3.4484803558191253 1.2602393215062585E-22 0.0
3.454410674573758 1.1502727118597014E-22 0.0
3.4603409933283915 1.0499016233121592E-22 0.0
3.466271312083024 9.582887649430015E-23 0.0
3.472201630837657 8.746699065776284E-23 0.0
3.4781319495922904 7.983475036151394E-23 0.0
3.484062268346923 7.286848781439379E-23 0.0
3.4899925871015567 6.651009078044038E-23 0.0
3.4959229058561894 6.070651780933839E-23 0.0
3.501853224610823 5.540935576712425E-23 0.0
3.5077835433654556 5.057441597608971E-23 0.0
3.5137138621200883 4.6161365594901585E-23 0.0
3.519644180874722 4.2133391163928E-23 0.0
3.5255744996293545 3.845689150908197E-23 0.0
3.531504818383988 3.510119744240062E-23 0.0
3.537435137138621 3.2038315921115314E-23 0.0
3.5433654558932544 2.9242696530999705E-23 0.0
3.549295774647887 2.6691018346010697E-23 0.0
3.5552260934025197 2.436199538621544E-23 0.0
3.5611564121571533 2.2236199051143458E-23 0.0
3.567086730911786 2.0295896047311316E-23 0.0
3.5730170496664195 1.8524900457918773E-23 0.0
3.578947368421052 1.6908438720688748E-23 0.0
3.584877687175686 1.5433026387502614E-23 0.0
3.5908080059303185 1.4086355637765435E-23 0.0
3.596738324684951 1.2857192607142863E-23 0.0
3.6026686434395847 1.1735283675190923E-23 0.0
3.6085989621942174 1.0711269930134415E-23 0.0
3.614529280948851 9.776609097263123E-24 0.0
3.6204595997034836 8.923504279676186E-24 0.0
3.626389918458117 8.144838916933267E-24 0.0
3.63232023721275 7.434117419040582E-24 0.0
3.6382505559673826 6.78541098054336E-24 0.0
3.644180874722016 6.193308122708353E-24 0.0
3.650111193476649 5.6528695512216375E-24 0.0
3.6560415122312824 5.159586952826755E-24 0.0
3.661971830985915 4.709345387186625E-24 0.0
3.6679021497405486 4.2983889602439435E-24 0.0
3.6738324684951813 3.92328949272883E-24 0.0
3.679762787249814 3.580917922447895E-24 0.0
3.6856931060044476 3.268418201793938E-24 0.0
3.6916234247590802 2.9831834727305535E-24 0.0
3.697553743513714 2.7228343205044558E-24 0.0
3.7034840622683465 2.4851989246790303E-24 0.0
3.70941438102298 2.2682949419099514E-24 0.0
3.7153446997776127 2.0703129693298283E-24 0.0
3.7212750185322454 1.889601450594211E-24 0.0
3.727205337286879 1.724652898675908E-24 0.0
3.7331356560415117 1.5740913204787892E-24 0.0
3.739065974796145 1.4366607383678172E-24 0.0
3.744996293550778 1.3112147128624236E-24 0.0
3.7509266123054115 1.1967067790920486E-24 0.0
3.756856931060044 1.092181717235193E-24 0.0
3.762787249814677 9.967675841203962E-25 0.0
3.7687175685693104 9.096684395171308E-25 0.0
3.774647887323943 8.301577064396698E-25 0.0
3.7805782060785766 7.575721100758957E-25 0.0
3.7865085248332093 6.913061447798758E-25 0.0
3.792438843587843 6.308070229721182E-25 0.0
3.7983691623424756 5.755700638114687E-25 0.0
3.8042994810971082 5.25134483171166E-25 0.0
3.810229799851742 4.790795497992339E-25 0.0
3.8161601186063745 4.370210755980778E-25 0.0
3.822090437361008 3.9860821074536547E-25 0.0
3.8280207561156407 3.635205169212381E-25 0.0
3.8339510748702743 3.3146529422685105E-25 0.0
3.839881393624907 3.0217513949552357E-25 0.0
3.8458117123795397 2.754057156280443E-25 0.0
3.8517420311341732 2.5093371334403084E-25 0.0
3.857672349888806 2.2855498834636965E-25 0.0
3.8636026686434395 2.080828583590491E-25 0.0
3.869532987398072 1.8934654583235448E-25 0.0
3.8754633061527057 1.7218975332454522E-25 0.0
3.8813936249073384 1.5646935967591484E-25 0.0
3.887323943661971 1.4205422609877846E-25 0.0
3.8932542624166047 1.288241022238468E-25 0.0
3.8991845811712373 1.1666862297727646E-25 0.0
3.905114899925871 1.054863879203918E-25 0.0
3.9110452186805036 9.518411537197397E-26 0.0
3.916975537435137 8.567586425684411E-26 0.0
3.92290585618977 7.688231718943853E-26 0.0
3.9288361749444025 6.873011881189249E-26 0.0
3.934766493699036 6.115126386707996E-26 0.0
3.9406968124536688 5.408252990194303E-26 0.0
3.9466271312083023 4.7464949868749076E-26 0.0
3.952557449962935 4.124332022473971E-26 0.0
3.9584877687175686 3.536574042676215E-26 0.0
3.9644180874722013 2.9783179979368534E-26 0.0
3.970348406226835 2.444906942471884E-26 0.0
3.9762787249814675 1.931891186234423E-26 0.0
3.9822090437361 1.4349911758087042E-26 0.0
3.9881393624907338 9.500617945758754E-27 0.0
3.9940696812453664 4.730577843452688E-27 0.0
4.0 0.0 0.0
