# 0.03811  hbar^2/(2m)
# -4.0 xmin
# 4.0 xmax
# 1350 ngrid
# 3 nnode 
# 0.1 vscale
# -15.065003539099859  Energy
#offset=0
#s=1
#offset+(-1.44/abs(x+(s/2)))+((-1.44/abs(x-(s/2))))
-4.0 0.0 0.0
-3.994069681245367 7.971362214144224E-29 -0.7325491376710238
-3.9881393624907338 1.6048270837529371E-28 -0.7336731942321912
-3.9822090437361006 2.4337654477060232E-28 -0.7348007576724769
-3.976278724981468 3.2949237761232613E-28 -0.7359318446585364
-3.970348406226835 4.1996993100062414E-28 -0.7370664719641407
-3.9644180874722017 5.160064820609318E-28 -0.7382046564710462
-3.9584877687175686 6.188726930347135E-28 -0.7393464151698768
-3.9525574499629355 7.29929409439784E-28 -0.7404917651610112
-3.9466271312083023 8.506456461696951E-28 -0.7416407236554811
-3.940696812453669 9.826179990098435E-28 -0.7427933079758776
-3.9347664936990365 1.1275917377881705E-27 -0.743949535557267
-3.9288361749444034 1.2874838594963911E-27 -0.745109423948115
-3.9229058561897703 1.4644084055038487E-27 -0.7462729908112208
-3.916975537435137 1.6607043767788793E-27 -0.7474402539246602
-3.911045218680504 1.8789666152232218E-27 -0.7486112311827384
-3.905114899925871 2.122080058262591E-27 -0.749785940596952
-3.899184581171238 2.393257818233844E-27 -0.7509644002969612
-3.893254262416605 2.6960835884494476E-27 -0.7521466285315708
-3.887323943661972 3.034558934764513E-27 -0.7533326436697223
-3.881393624907339 3.41315609576861E-27 -0.7545224642014956
-3.8754633061527057 3.836876987218538E-27 -0.75571610873912
-3.8695329873980726 4.3113191879715076E-27 -0.7569135960179969
-3.8636026686434395 4.8427497765432786E-27 -0.7581149448977313
-3.8576723498888064 5.438187990709154E-27 -0.7593201743631757
-3.8517420311341732 6.1054977986441844E-27 -0.7605293035254825
-3.8458117123795406 6.853491600486714E-27 -0.7617423516231688
-3.8398813936249074 7.69204642561877E-27 -0.7629593380231916
-3.8339510748702743 8.632234155310191E-27 -0.7641802822220332
-3.828020756115641 9.686467484828448E-27 -0.7654052038467994
-3.822090437361008 1.0868663546094525E-26 -0.7666341226563276
-3.816160118606375 1.2194427344183672E-26 -0.7678670585423066
-3.810229799851742 1.368125742147633E-26 -0.7691040315304081
-3.804299481097109 1.534877645547778E-26 -0.7703450617814303
-3.798369162342476 1.7218989824079675E-26 -0.7715901695924532
-3.792438843587843 1.931657553963294E-26 -0.772839375398005
-3.7865085248332098 2.1669209365462227E-26 -0.7740926997712412
-3.7805782060785766 2.4307929390785246E-26 -0.7753501634251367
-3.7746478873239435 2.726754485847036E-26 -0.7766117872136897
-3.7687175685693104 3.058709462147198E-26 -0.7778775921331378
-3.7627872498146777 3.431036125575083E-26 -0.7791475993231868
-3.7568569310600446 3.8486447588562906E-26 -0.7804218300682544
-3.7509266123054115 4.317042322077254E-26 -0.7817003057987238
-3.7449962935507783 4.842404954105778E-26 -0.7829830480922129
-3.739065974796145 5.431659276057896E-26 -0.7842700786748558
-3.733135656041512 6.092573565238308E-26 -0.7855614194225984
-3.727205337286879 6.833859997566158E-26 -0.7868570923625073
-3.7212750185322463 7.665289301794916E-26 -0.7881571196740927
-3.715344699777613 8.597819331747973E-26 -0.7894615236906459
-3.70941438102298 9.643739245454779E-26 -0.79077032690059
-3.703484062268347 1.0816831184878375E-25 -0.7920835519488455
-3.697553743513714 1.2132551579556437E-25 -0.7934012216382111
-3.6916234247590807 1.3608234454941637E-25 -0.7947233589307587
-3.6856931060044476 1.5263319414894518E-25 -0.796049986949243
-3.679762787249815 1.711960729143249E-25 -0.797381128978527
-3.6738324684951817 1.9201546817708875E-25 -0.7987168084670229
-3.6679021497405486 2.1536556087036114E-25 -0.8000570490281472
-3.6619718309859155 2.415538301690167E-25 -0.8014018744417939
-3.6560415122312824 2.7092509548322965E-25 -0.8027513086558211
-3.6501111934766493 3.0386604884240967E-25 -0.8041053757875554
-3.644180874722016 3.4081033713460493E-25 -0.8054641001253127
-3.6382505559673834 3.8224426087320085E-25 -0.8068275061299337
-3.6323202372127503 4.287131642423946E-25 -0.8081956184363397
-3.626389918458117 4.808286002311644E-25 -0.8095684618551009
-3.620459599703484 5.3927636482072765E-25 -0.810946061374026
-3.614529280948851 6.048255055755628E-25 -0.8123284421597663
-3.608598962194218 6.783384227518194E-25 -0.8137156295594397
-3.6026686434395847 7.60782195346183E-25 -0.8151076491022706
-3.596738324684952 8.532412805500336E-25 -0.8165045265012496
-3.590808005930319 9.569317530576738E-25 -0.8179062876548107
-3.584877687175686 1.0732172708385078E-24 -0.8193129586485264
-3.5789473684210527 1.2036269765847145E-24 -0.8207245657568238
-3.5730170496664195 1.3498755693834647E-24 -0.8221411354447177
-3.5670867309117864 1.5138858095670098E-24 -0.8235626943695635
-3.5611564121571533 1.6978137515359877E-24 -0.824989269382831
-3.5552260934025206 1.9040770350468906E-24 -0.8264208875318958
-3.5492957746478875 2.1353866054698364E-24 -0.8278575760618535
-3.5433654558932544 2.394782278380023E-24 -0.8292993624173515
-3.5374351371386212 2.6856726141310575E-24 -0.8307462742444435
-3.531504818383988 3.0118796244270132E-24 -0.8321983393924639
-3.525574499629355 3.3776888960982205E-24 -0.8336555859159245
-3.519644180874722 3.787905788117919E-24 -0.8351180420764306
-3.513713862120089 4.247918437297087E-24 -0.8365857363446214
-3.507783543365456 4.763768397098815E-24 -0.8380586974021309
-3.501853224610823 5.342229833782311E-24 -0.8395369541435708
-3.49592290585619 5.990898315921224E-24 -0.8410205356785376
-3.4899925871015567 6.718290358699635E-24 -0.8425094713336421
-3.4840622683469236 7.533955024906172E-24 -0.8440037906545604
-3.4781319495922904 8.448599042054113E-24 -0.845503523408112
-3.4722016308376578 9.474227071605995E-24 -0.8470086995843582
-3.4662713120830246 1.0624298964175834E-23 -0.8485193493987273
-3.4603409933283915 1.1913906056399685E-23 -0.8500355032941632
-3.4544106745737584 1.33599688137954E-23 -0.8515571919432989
-3.4484803558191253 1.498145840261439E-23 -0.8530844462506555
-3.442550037064492 1.679964508605165E-23 -0.8546172973548672
-3.436619718309859 1.883837669029319E-23 -0.8561557766309313
-3.4306893995552263 2.112439077830148E-23 -0.8576999156924852
-3.424759080800593 2.3687664609078625E-23 -0.8592497463941098
-3.41882876204596 2.656180745312932E-23 -0.8608053008336598
-3.412898443291327 2.978450038738818E-23 -0.8623666113546222
-3.406968124536694 3.339798931216904E-23 -0.8639337105485011
-3.4010378057820607 3.7449637626796054E-23 -0.8655066312572322
-3.3951074870274276 4.1992545778518225E-23 -0.8670854065756246
-3.389177168272795 4.708624577120963E-23 -0.8686700698538327
-3.3832468495181613 5.279747969755848E-23 -0.8702606546998566
-3.3773165307635287 5.920107245365575E-23 -0.8718571949820723
-3.3713862120088955 6.638091002235063E-23 -0.873459724831793
-3.3654558932542624 7.443103608740211E-23 -0.8750682786458597
-3.3595255744996293 8.345688128220574E-23 -0.8766828910892641
-3.353595255744996 9.357664110475035E-23 -0.8783035970978019
-3.3476649369903635 1.0492282046691407E-22 -0.8799304318807588
-3.34173461823573 1.1764396501640286E-22 -0.8815634309236288
-3.3358042994810972 1.3190660180176107E-22 -0.8832026299908642
-3.329873980726464 1.4789741457653125E-22 -0.8848480651286614
-3.323943661971831 1.6582568209321184E-22 -0.8864997726677781
-3.318013343217198 1.859260111608133E-22 -0.888157789226385
-3.3120830244625648 2.0846140007599434E-22 -0.8898221517129543
-3.306152705707932 2.3372667233676504E-22 -0.8914928973291808
-3.3002223869532985 2.6205232536536807E-22 -0.8931700635729415
-3.294292068198666 2.9380884436571293E-22 -0.8948536882412879
-3.2883617494440327 3.2941153749068856E-22 -0.8965438094334794
-3.2824314306893996 3.693259552742997E-22 -0.8982404655540506
-3.2765011119347665 4.140739648808036E-22 -0.899943695315918
-3.2705707931801333 4.642405582363844E-22 -0.9016535377435253
-3.2646404744255006 5.204814826487924E-22 -0.9033700321760267
-3.258710155670867 5.835317932104621E-22 -0.9050932182705116
-3.2527798369162344 6.542154382594881E-22 -0.9068231360052661
-3.2468495181616013 7.334560025957243E-22 -0.9085598256830796
-3.240919199406968 8.222887481901124E-22 -0.9103033279345896
-3.234988880652335 9.218741089790242E-22 -0.9120536837216693
-3.229058561897702 1.0335128152202244E-21 -0.9138109343408576
-3.2231282431430692 1.158662844047626E-21 -0.9155751214268335
-3.2171979243884357 1.298958416572351E-21 -0.9173462869559331
-3.211267605633803 1.4562312884446836E-21 -0.9191244732497104
-3.20533728687917 1.6325346105592756E-21 -0.9209097229785459
-3.1994069681245367 1.8301696699396726E-21 -0.922702079165298
-3.1934766493699036 2.0517158582095453E-21 -0.9245015851890037
-3.1875463306152705 2.3000642569304437E-21 -0.9263082847886239
-3.181616011860638 2.578455276001128E-21 -0.9281222220668388
-3.1756856931060042 2.8905208338784114E-21 -0.929943441493891
-3.1697553743513716 3.2403316272736968E-21 -0.9317719879114772
-3.1638250555967384 3.632450103964547E-21 -0.9336079065366927
-3.1578947368421053 4.07198982628969E-21 -0.9354512429660231
-3.151964418087472 4.5646819957243796E-21 -0.9373020431793911
-3.146034099332839 5.116950001731435E-21 -0.9391603535442533
-3.1401037805782064 5.7359929620505315E-21 -0.941026220819752
-3.134173461823573 6.4298793380675756E-21 -0.9428996921609201
-3.12824314306894 7.207651839401665E-21 -0.9447808151229411
-3.122312824314307 8.079444978044426E-21 -0.9466696376654654
-3.116382505559674 9.056616796173079E-21 -0.9485662081569821
-3.1104521868050408 1.0151896475248708E-20 -0.9504705753792501
-3.1045218680504076 1.1379549739573141E-20 -0.952382788531785
-3.098591549295775 1.2755564197764402E-20 -0.9543028972364087
-3.0926612305411414 1.4297857023592713E-20 -0.9562309515418561
-3.0867309117865087 1.6026507666624767E-20 -0.9581670019284443
-3.0808005930318756 1.7964018606880458E-20 -0.9601110993128048
-3.0748702742772425 2.0135607530388532E-20 -0.9620632950526772
-3.0689399555226093 2.25695347088113E-20 -0.9640236409517676
-3.063009636767976 2.5297469821430845E-20 -0.965992189264673
-3.057079318013343 2.835490296761516E-20 -0.9679689927018703
-3.05114899925871 3.178160518898187E-20 -0.9699541044347739
-3.0452186805040773 3.5622144460206315E-20 -0.9719475781008604
-3.039288361749444 3.992646382402046E-20 -0.9739494678088643
-3.033358042994811 4.4750529148646E-20 -0.9759598281440414
-3.027427724240178 5.0157054885035806E-20 -0.9779787141735068
-3.021497405485545 5.621631720843447E-20 -0.9800061814516441
-3.0155670867309117 6.300706505687538E-20 -0.9820422860255882
-3.0096367679762785 7.061754084282188E-20 -0.9840870844407839
-3.003706449221646 7.914662402949204E-20 -0.986140633746621
-2.9977761304670127 8.870511234868262E-20 -0.9882029915021466
-2.9918458117123796 9.941715721251625E-20 -0.990274215781855
-2.9859154929577465 1.1142187186030447E-19 -0.9923543651815606
-2.9799851742031134 1.2487513300921314E-19 -0.9944434988243491
-2.9740548554484807 1.3995159927226396E-19 -0.9965416763666135
-2.968124536693847 1.568469724014631E-19 -0.9986489580041735
-2.9621942179392144 1.757805305434111E-19 -1.0007654044784795
-2.9562638991845813 1.9699796619981513E-19 -1.0028910770829058
-2.950333580429948 2.207745655109032E-19 -1.0050260376691296
-2.944403261675315 2.4741876987622914E-19 -1.0071703486536001
-2.938472942920682 2.7727616585119165E-19 -1.0093240730241022
-2.9325426241660493 3.107339547719555E-19 -1.0114872743464072
-2.9266123054114157 3.482259597371132E-19 -1.0136600167710237
-2.920681986656783 3.902382344905768E-19 -1.0158423650400394
-2.9147516679021495 4.37315346495545E-19 -1.0180343844940651
-2.9088213491475168 4.90067415163258E-19 -1.0202361410792733
-2.9028910303928837 5.491779959138273E-19 -1.0224477013545417
-2.8969607116382505 6.1541291162420305E-19 -1.0246691324986958
-2.891030392883618 6.896301451997043E-19 -1.0269005023178588
-2.8851000741289843 7.727909206465339E-19 -1.0291418792529052
-2.8791697553743516 8.659721152980602E-19 -1.0313933323870228
-2.873239436619718 9.70380162952947E-19 -1.0336549314533865
-2.8673091178650854 1.0873666268374706E-18 -1.0359267468429396
-2.8613787991104522 1.2184456427527175E-18 -1.0382088496122932
-2.855448480355819 1.3653134567842717E-18 -1.0405013114917372
-2.8495181616011864 1.5298703088447494E-18 -1.0428042048933706
-2.843587842846553 1.7142449434320913E-18 -1.0451176029193519
-2.83765752409192 1.9208220627039174E-18 -1.0474415793702685
-2.8317272053372866 2.1522730747216065E-18 -1.0497762087536333
-2.825796886582654 2.411590531989574E-18 -1.052121566292503
-2.819866567828021 2.702126702745668E-18 -1.0544777279342288
-2.8139362490733877 3.0276367704524482E-18 -1.056844770359333
-2.808005930318755 3.3923272162730164E-18 -1.0592227709905222
-2.8020756115641214 3.800910005746972E-18 -1.0616118080018326
-2.7961452928094888 4.25866327525978E-18 -1.0640119603279123
-2.790214974054855 4.771499297171878E-18 -1.0664233076734468
-2.7842846553002225 5.346040595704694E-18 -1.0688459305227216
-2.7783543365455894 5.989705190058729E-18 -1.0712799101493344
-2.7724240177909563 6.7108020580952834E-18 -1.0737253286260513
-2.766493699036323 7.518638044738163E-18 -1.0761822688348133
-2.76056338028169 8.423637585712604E-18 -1.078650814476898
-2.7546330615270573 9.437476781202121E-18 -1.0811310500832323
-2.7487027427724238 1.0573233537559205E-17 -1.0836230610248687
-2.742772424017791 1.1845555700690712E-17 -1.086126933523616
-2.736842105263158 1.3270849334770449E-17 -1.0886427546628408
-2.730911786508525 1.4867489557437958E-17 -1.091170612398431
-2.7249814677538917 1.6656056630902136E-17 -1.0937105955699313
-2.7190511489992586 1.8659600331048177E-17 -1.0962627939118523
-2.713120830244626 2.0903935977852314E-17 -1.098827298065153
-2.7071905114899923 2.341797591473378E-17 -1.1014041995889081
-2.7012601927353597 2.6234100677059117E-17 -1.103993590972151
-2.6953298739807265 2.938857459661238E-17 -1.1065955656459106
-2.6893995552260934 3.292201115589467E-17 -1.1092102179954313
-2.6834692364714603 3.687989404082075E-17 -1.1118376433725903
-2.677538917716827 4.1313160550801547E-17 -1.11447793810851
-2.6716085989621945 4.627885482035902E-17 -1.117131199526371
-2.665678280207561 5.184085919640767E-17 -1.1197975259544308
-2.6597479614529282 5.807071311145064E-17 -1.1224770167392464
-2.653817642698295 6.504852990781271E-17 -1.1251697722591154
-2.647887323943662 7.286402331581153E-17 -1.127875893937727
-2.641957005189029 8.16176566852696E-17 -1.1305954842580361
-2.6360266864343957 9.142192963269887E-17 -1.1333286467763628
-2.630096367679763 1.0240281851565055E-16 -1.1360754861367162
-2.6241660489251295 1.1470138910327643E-16 -1.138836108085357
-2.618235730170497 1.2847560200288714E-16 -1.1416106194855917
-2.6123054114158637 1.4390233385395462E-16 -1.1443991283328132
-2.6063750926612306 1.611796400446245E-16 -1.147201743769786
-2.6004447739065975 1.8052928777609484E-16 -1.1500185761021828
-2.5945144551519643 2.021995917360242E-16 -1.1528497368143784
-2.5885841363973316 2.264685884869005E-16 -1.1556953385855042
-2.582653817642698 2.536475899776453E-16 -1.15855549530577
-2.5767234988880654 2.840851614010194E-16 -1.1614303220930549
-2.5707931801334323 3.1817157400646525E-16 -1.1643199353097797
-2.564862861378799 3.5634378950591215E-16 -1.167224452580057
-2.558932542624166 3.990910394549011E-16 -1.1701439928071324
-2.553002223869533 4.469610705382914E-16 -1.1730786761911185
-2.5470719051149002 5.005671351340394E-16 -1.176028624247028
-2.5411415863602667 5.605958159766006E-16 -1.1789939598231136
-2.535211267605634 6.278157843125743E-16 -1.1819748071195175
-2.529280948851001 7.0308760276853E-16 -1.1849712917072417
-2.5233506300963677 7.873746973836202E-16 -1.1879835405474397
-2.5174203113417346 8.817556380642833E-16 -1.1910116820110408
-2.5114899925871015 9.874378832815654E-16 -1.1940558458987116
-2.505559673832469 1.1057731633618686E-15 -1.1971161634611616
-2.4996293550778352 1.238274697452505E-15 -1.2001927674198014
-2.4936990363232026 1.3866364624351503E-15 -1.2032857919877564
-2.4877687175685694 1.5527547580048473E-15 -1.206395372891251
-2.4818383988139363 1.73875234115585E-15 -1.2095216473913626
-2.475908080059303 1.9470054357831185E-15 -1.2126647543061577
-2.46997776130467 2.1801739594276816E-15 -1.2158248340332192
-2.4640474425500374 2.4412353498215477E-15 -1.2190020285725658
-2.458117123795404 2.73352241933353E-15 -1.2221964815499846
-2.452186805040771 3.0607657162517292E-15 -1.2254083382407677
-2.446256486286138 3.4271409286993077E-15 -1.2286377455938817
-2.440326167531505 3.837321930580852E-15 -1.2318848522565597
-2.4343958487768718 4.296540140094554E-15 -1.2351498085993398
-2.4284655300222386 4.810650940912277E-15 -1.2384327667415498
-2.422535211267606 5.3862080051223215E-15 -1.2417338805772538
-2.4166048925129724 6.030546456562964E-15 -1.245053305801667
-2.4106745737583397 6.7518759244949495E-15 -1.2483911999380468
-2.4047442550037066 7.559384662061186E-15 -1.2517477223650797
-2.3988139362490735 8.463356043219808E-15 -1.255123034344762
-2.3928836174944403 9.475298907553654E-15 -1.2585172990507933
-2.386953298739807 1.0608093396502171E-14 -1.2619306815974933
-2.3810229799851745 1.1876154119306686E-14 -1.2653633490692486
-2.375092661230541 1.3295612704740063E-14 -1.268815470550508
-2.3691623424759083 1.488452203822622E-14 -1.2722872171563284
-2.363232023721275 1.6663084756283952E-14 -1.2757787620634977
-2.357301704966642 1.8653908874750962E-14 -1.279290280542231
-2.351371386212009 2.0882293767755915E-14 -1.282821949988465
-2.345441067457376 2.3376550095154785E-14 -1.2863739499567586
-2.339510748702743 2.6168357701876816E-14 -1.2899464621938144
-2.3335804299481095 2.929316598863987E-14 -1.2935396706726356
-2.327650111193477 3.279064178572132E-14 -1.2971537616273268
-2.3217197924388437 3.6705170356534516E-14 -1.3007889235885663
-2.3157894736842106 4.108641582306568E-14 -1.304445347419748
-2.3098591549295775 4.598994804904639E-14 -1.308123226353822
-2.3039288361749444 5.147794384831979E-14 -1.3118227560308435
-2.2979985174203117 5.761997131553754E-14 -1.3155441345362429
-2.292068198665678 6.44938671156471E-14 -1.319287562439846
-2.2861378799110454 7.218671773049943E-14 -1.3230532428356414
-2.2802075611564123 8.079595695974427E-14 -1.3268413813823363
-2.274277242401779 9.043059342509642E-14 -1.3306521863446967
-2.268346923647146 1.0121258345005321E-13 -1.3344858686357042
-2.262416604892513 1.1327836650133876E-13 -1.3383426418595437
-2.2564862861378803 1.267805824062149E-13 -1.342222722355441
-2.2505559673832467 1.4188999182644686E-13 -1.3461263292423722
-2.244625648628614 1.587976240031943E-13 -1.3500536844646591
-2.238695329873981 1.7771717861875903E-13 -1.3540050128384853
-2.2327650111193478 1.9888771178597465E-13 -1.3579805420993347
-2.2268346923647147 2.2257663971318612E-13 -1.3619805029503946
-2.2209043736100815 2.4908309754593673E-13 -1.3660051291119304
-2.214974054855449 2.7874169530446816E-13 -1.3700546573716665
-2.2090437361008153 3.119267177734768E-13 -1.3741293276361894
-2.2031134173461826 3.490568207181554E-13 -1.3782293829833994
-2.1971830985915495 3.9060028196642346E-13 -1.3823550697160436
-2.1912527798369164 4.3708087278739283E-13 -1.3865066374163444
-2.1853224610822832 4.89084422695401E-13 -1.390684339001758
-2.17939214232765 5.472661594121597E-13 -1.394888430781888
-2.1734618235730174 6.123589153325763E-13 -1.3991191725165844
-2.167531504818384 6.851823025808486E-13 -1.4033768274752547
-2.161601186063751 7.666529707445178E-13 -1.407661662497414
-2.1556708673091176 8.57796074782777E-13 -1.4119739480545168
-2.149740548554485 9.59758095586089E-13 -1.4163139583130828
-2.143810229799852 1.0738211724009527E-12 -1.4206819711991725
-2.1378799110452187 1.2014191250317673E-12 -1.4250782684642234
-2.131949592290586 1.3441553646204155E-12 -1.4295031357522967
-2.1260192735359524 1.5038229151393754E-12 -1.433956862668766
-2.1200889547813198 1.6824267938016623E-12 -1.4384397428504765
-2.114158636026686 1.8822090277097348E-12 -1.44295207403743
-2.1082283172720535 2.1056766165919E-12 -1.44749415814601
-2.1022979985174204 2.3556327878063954E-12 -1.4520663013438122
-2.0963676797627873 2.635211930374095E-12 -1.4566688141261002
-2.0904373610081546 2.9479186401263484E-12 -1.4613020113939406
-2.084507042253521 3.2976713586778844E-12 -1.46596621253406
-2.0785767234988883 3.688851145473628E-12 -1.4706617415004581
-2.0726464047442548 4.1263561853017465E-12 -1.4753889268978426
-2.066716085989622 4.615662704182773E-12 -1.4801481020669085
-2.060785767234989 5.162893045294598E-12 -1.484939605171535
-2.054855448480356 5.7748917445339716E-12 -1.4897637792879304
-2.048925129725723 6.4593105435161866E-12 -1.4946209724957904
-2.0429948109710896 7.224703387469378E-12 -1.4995115379715171
-2.037064492216457 8.080632577920155E-12 -1.5044358340835506
-2.0311341734618233 9.037787386779256E-12 -1.5093942244898808
-2.0252038547071907 1.0108116591078017E-11 -1.5143870782377837
-2.0192735359525575 1.13049765580288E-11 -1.519414769865858
-2.0133432171979244 1.2643296700350057E-11 -1.5244776795084072
-2.0074128984432913 1.4139764334212535E-11 -1.5295761930022458
-2.001482579688658 1.5813031209297265E-11 -1.5347107019959876
-1.9955522609340255 1.7683944245175444E-11 -1.5398816040618888
-1.9896219421793924 1.9775803303723336E-11 -1.545089302810311
-1.9836916234247592 2.2114649157139698E-11 -1.550334208006881
-1.9777613046701261 2.4729585179318718E-11 -1.5556167356924213
-1.971830985915493 2.765313669928721E-11 -1.5609373083057294
-1.9659006671608599 3.092165241409186E-11 -1.5662963548092805
-1.9599703484062267 3.457575277044318E-11 -1.5716943108179455
-1.954040029651594 3.8660830795746146E-11 -1.5771316187307987
-1.948109710896961 4.322761149674141E-11 -1.5826087278661118
-1.9421793921423278 4.833277665550533E-11 -1.588126094599618
-1.9362490733876947 5.4039662646552847E-11 -1.5936841825061467
-1.9303187546330616 6.041903978477785E-11 -1.5992834625047172
-1.9243884358784284 6.754998270257091E-11 -1.6049244130071998
-1.9184581171237953 7.552084235751385E-11 -1.6106075200706413
-1.9125277983691626 8.443033150276464E-11 -1.6163332775533654
-1.9065974796145295 9.438873682533074E-11 -1.622102187274955
-1.9006671608598964 1.0551927248929094E-10 -1.6279147591802334
-1.8947368421052633 1.1795959152994988E-10 -1.6337715115073603
-1.8888065233506302 1.3186347345128454E-10 -1.639672970960166
-1.882876204595997 1.4740270850558534E-10 -1.645619672884847
-1.876945885841364 1.6476920150623253E-10 -1.6516121614511574
-1.8710155670867308 1.8417732067030409E-10 -1.6576509898382263
-1.865085248332098 2.0586651993863743E-10 -1.6637367204251452
-1.859154929577465 2.3010426651211414E-10 -1.6698699249864664
-1.8532246108228319 2.571893090133633E-10 -1.6760511848927613
-1.8472942920681987 2.874553257763026E-10 -1.6822810913163966
-1.8413639733135656 3.212749973304476E-10 -1.688560245442687
-1.8354336545589325 3.5906455223674027E-10 -1.6948892586865862
-1.8295033358042994 4.012888411069608E-10 -1.7012687529150945
-1.8235730170496667 4.484669999666396E-10 -1.7076993606755537
-1.8176426982950336 5.011787711764565E-10 -1.7141817254300213
-1.8117123795404004 5.600715579925908E-10 -1.7207165017959025
-1.8057820607857673 6.258682976150169E-10 -1.7273043557930539
-1.7998517420311342 6.993762473475153E-10 -1.7339459650975475
-1.793921423276501 7.814967893890908E-10 -1.740642019302318
-1.787991104521868 8.732363719215402E-10 -1.7473932201849083
-1.7820607857672353 9.757187176945567E-10 -1.7542002819825433
-1.7761304670126021 1.0901984463966728E-9 -1.7610639316747685
-1.770200148257969 1.2180762739141276E-9 -1.7679849092738933
-1.7642698295033359 1.3609159703170872E-9 -1.7749639681235045
-1.7583395107487028 1.5204632792923965E-9 -1.7820018752053044
-1.7524091919940696 1.6986670250079039E-9 -1.7890994114545486
-1.7464788732394365 1.8977026583165754E-9 -1.7962573720843737
-1.7405485544848038 2.1199985230909297E-9 -1.803476566919303
-1.7346182357301707 2.3682651556557397E-9 -1.8107578207382418
-1.7286879169755376 2.6455279661332176E-9 -1.8181019736272765
-1.7227575982209045 2.9551636904460535E-9 -1.8255098813426112
-1.7168272794662713 3.3009410462023984E-9 -1.832982415683984
-1.7108969607116382 3.6870660752281908E-9 -1.8405204648789195
-1.704966641957005 4.118232710688766E-9 -1.8481249339781871
-1.6990363232023724 4.599679168190715E-9 -1.8557967452628534
-1.6931060044477393 5.1372508286851145E-9 -1.8635368386633295
-1.6871756856931062 5.737470357192697E-9 -1.8713461721908204
-1.681245366938473 6.407615886216902E-9 -1.8792257223816273
-1.67531504818384 7.155808187176642E-9 -1.8871764847547357
-1.6693847294292068 7.99110785836093E-9 -1.8951994742831706
-1.6634544106745737 8.92362367498717E-9 -1.9032957258795995
-1.657524091919941 9.964633377273415E-9 -1.911466294896694
-1.6515937731653079 1.1126718317501478E-8 -1.9197122576427819
-1.6456634544106747 1.2423913548507312E-8 -1.928034711913328
-1.6397331356560416 1.3871875115727359E-8 -1.936434777538837
-1.6338028169014085 1.5488066514898392E-8 -1.9449135969497569
-1.6278724981467754 1.7291966500025703E-8 -1.9534723357590154
-1.6219421793921422 1.930530067382361E-8 -1.962112183362835
-1.6160118606375096 2.1552299568297624E-8 -1.9708343535605035
-1.6100815418828764 2.4059986229593075E-8 -1.9796400851938072
-1.6041512231282433 2.6858496662140922E-8 -1.988530642806852
-1.5982209043736102 2.9981436866329564E-8 -1.9975073173270548
-1.592290585618977 3.346628062568845E-8 -2.0065714267680903
-1.586360266864344 3.7354812668623535E-8 -2.0157243169556396
-1.5804299481097108 4.169362235135488E-8 -2.0249673622768025
-1.5744996293550781 4.6534653588713936E-8 -2.0343019664540876
-1.568569310600445 5.1935817404342335E-8 -2.043729563344937
-1.562638991845812 5.796167418878955E-8 -2.0532516177677573
-1.5567086730911788 6.468419355101695E-8 -2.0628696263555213
-1.5507783543365457 7.218360053473743E-8 -2.072585118438001
-1.5448480355819125 8.054931795568119E-8 -2.082399656953775
-1.5389177168272794 8.988101571018003E-8 -2.092314839393194
-1.5329873980726463 1.0028977912149671E-7 -2.1023322987735416
-1.5270570793180136 1.1189940974150206E-7 -2.112453704647678
-1.5211267605633805 1.2484787352648955E-7 -2.1226807641475425
-1.5151964418087474 1.3928891297360185E-7 -2.1330152230639077
-1.5092661230541142 1.5539384165680015E-7 -2.143458866963888
-1.503335804299481 1.7335354165879283E-7 -2.1540135223477557
-1.497405485544848 1.9338068668030155E-7 -2.164681057846685
-1.4914751667902149 2.1571221614535626E-7 -2.1754633854631416
-1.4855448480355822 2.4061208843853065E-7 -2.1863624618556954
-1.479614529280949 2.683743445376844E-7 -2.197380289670148
-1.473684210526316 2.993265167776725E-7 -2.2085189189189185
-1.4677538917716828 3.33833421334055E-7 -2.2197804484107726
-1.4618235730170497 3.723013772925358E-7 -2.2311670272330453
-1.4558932542624166 4.1518289991556365E-7 -2.2426808562886356
-1.4499629355077834 4.6298192098301367E-7 -2.254324189890153
-1.4440326167531508 5.162595949253276E-7 -2.2660993374137233
-1.4381022979985176 5.756407559470945E-7 -2.278008665015086
-1.4321719792438845 6.418210985255505E-7 -2.2900545974107396
-1.4262416604892514 7.155751616379289E-7 -2.3022396197270516
-1.4203113417346183 7.977652059080688E-7 -2.314566279420383
-1.4143810229799851 8.893510826591528E-7 -2.3270371882714365
-1.408450704225352 9.914012047186125E-7 -2.3396550244572216
-1.4025203854707193 1.1051047408566354E-6 -2.352422534704178
-1.3965900667160862 1.231785169076735E-6 -2.365342536526228
-1.390659747961453 1.3729153387539931E-6 -2.378417920551672
-1.38472942920682 1.5301342079868104E-6 -2.391651652943117
-1.3787991104521868 1.7052654406601184E-6 -2.405046777914797
-1.3728687916975537 1.9003380677983603E-6 -2.418606420351913
-1.3669384729429206 2.1176094400207085E-6 -2.4323337885368668
-1.361008154188288 2.3595907225257693E-6 -2.446232176987517
-1.3550778354336548 2.629075211278472E-6 -2.4603049694129013
-1.3491475166790217 2.9291697792236946E-6 -2.4745556417921257
-1.3432171979243885 3.263329794713252E-6 -2.488987765582497
-1.3372868791697554 3.6353978912400174E-6 -2.5036050110632715
-1.3313565604151223 4.0496470083938335E-6 -2.5184111508217835
-1.3254262416604892 4.510828169094539E-6 -2.5334100633890944
-1.3194959229058565 5.024223508064821E-6 -2.548605737032719
-1.3135656041512234 5.595705121671336E-6 -2.564002273714436
-1.3076352853965902 6.231800370227589E-6 -2.579603893221622
-1.3017049666419571 6.939764331211017E-6 -2.595414937481115
-1.295774647887324 7.727660176253143E-6 -2.61143987506507
-1.2898443291326909 8.60444832693373E-6 -2.627683305898908
-1.2839140103780577 9.580085335135911E-6 -2.644149966182016
-1.277983691623425 1.066563353386499E-5 -2.6608447335325396
-1.272053372868792 1.187338261494861E-5 -2.677772632368302
-1.2661230541141588 1.3216984411961626E-5 -2.6949388395365936
-1.2601927353595257 1.4711602301197024E-5 -2.7123486902064315
-1.2542624166048926 1.6374076781785E-5 -2.7300076840376857
-1.2483320978502594 1.822310895951537E-5 -2.7479214916424137
-1.2424017790956263 2.0279463839042127E-5 -2.7660959613547136
-1.2364714603409936 2.256619552758244E-5 -2.784537126326457
-1.2305411415863605 2.510889667175649E-5 -2.803251211967401
-1.2246108228317274 2.7935974689806546E-5 -2.8222446437493502
-1.2186805040770943 3.107895762621868E-5 -2.8415240553954035
-1.2127501853224611 3.457283274707848E-5 -2.8610962974766556
-1.206819866567828 3.845642131486191E-5 -2.880968446440254
-1.200889547813195 4.2772793333559276E-5 -2.901147814094334
-1.1949592290585622 4.7569726442062474E-5 -2.9216419575770813
-1.189028910303929 5.290021355888468E-5 -2.9424586898390506
-1.183098591549296 5.882302434808007E-5 -2.9636060906698867
-1.1771682727946629 6.540332608854237E-5 -2.9850925183028054
-1.1712379540400297 7.271337009086448E-5 -3.006926621632494
-1.1653076352853966 8.08332504221581E-5 -3.029117353084681
-1.1593773165307635 8.98517423745525E-5 -3.051673982178351
-1.1534469977761308 9.986722885279708E-5 -3.074606109824566
-1.1475166790214977 1.1098872366617323E-4 -3.0979236834090633
-1.1415863602668646 1.2333700159591204E-4 -3.121637012709285
-1.1356560415122314 1.3704584607809842E-4 -3.1457567867003062
-1.1297257227575983 1.5226342640069256E-4 -3.1702940913081754
-1.1237954040029652 1.6915381746938294E-4 -3.1952604281736763
-1.117865085248332 1.8789867645858897E-4 -3.2206677344943384
-1.111934766493699 2.0869909203967885E-4 -3.2465284040177718
-1.1060044477390663 2.3177762337752182E-4 -3.272855309265143
-1.1000741289844331 2.5738054771857517E-4 -3.2996618250698244
-1.0941438102298 2.8578033716908076E-4 -3.3269618535230157
-1.0882134914751669 3.1727838719142643E-4 -3.354769850425606
-1.0822831727205338 3.522080214416529E-4 -3.38310085335354
-1.0763528539659006 3.909377998432913E-4 -3.4119705114528576
-1.0704225352112675 4.338751592544841E-4 -3.4413951170901846
-1.0644922164566348 4.8147041874934917E-4 -3.4713916394950473
-1.0585618977020017 5.342211844137797E-4 -3.501977760541964
-1.0526315789473686 5.926771916635005E-4 -3.533171912832929
-1.0467012601927355 6.574456264414707E-4 -3.5649933202549065
-1.0407709414381023 7.291969702557498E-4 -3.59746204120221
-1.0348406226834692 8.086714178905098E-4 -3.630599014670495
-1.028910303928836 8.96685920774159E-4 -3.664426109447666
-1.0229799851742034 9.941419134307915E-4 -3.6989661766473776
-1.0170496664195703 0.0011020337851842983 -3.7342431058534227
-1.0111193476649372 0.0012214581643365781 -3.770281885168091
-1.005189028910304 0.0013536240874080815 -3.807108665485245
-0.9992587101556709 0.0014998641317130435 -3.8447508293391985
-0.9933283914010378 0.0016616465955419785 -3.8832370647143297
-0.9873980726464047 0.0018405888165342018 -3.9225974442377867
-0.981467753891772 0.002038471725431198 -3.9628635102192673
-0.9755374351371389 0.0022572557392881317 -4.004068366048158
-0.9696071163825057 0.0024990981053573027 -4.046246774509792
-0.9636767976278726 0.002766371814204693 -4.089435263640189
-0.9577464788732395 0.0030616862081268626 -4.1336722408026745
-0.9518161601186064 0.0033879094185326657 -4.178998115741672
-0.9458858413639732 0.0037481927735565647 -4.22545543344919
-0.9399555226093406 0.004145997324669798 -4.273089017769722
-0.9340252038547074 0.004585122648318517 -4.321946126770431
-0.9280948851000743 0.005069738085480028 -4.372076621017185
-0.9221645663454412 0.005604416588289264 -4.423533146025379
-0.9162342475908081 0.006194171348305487 -4.476371330298907
-0.910303928836175 0.006844495385272576 -4.5306500005341706
-0.9043736100815418 0.00756140427802602 -4.586431415750984
-0.8984432913269091 0.008351482220100265 -4.643781522322003
-0.892512972572276 0.009221931581096904 -4.702770232110633
-0.8865826538176429 0.010180626150402921 -4.763471726198484
-0.8806523350630098 0.011236168231708423 -4.825964786992803
-0.8747220163083766 0.012397949744152852 -4.890333161857475
-0.8687916975537435 0.013676217467874176 -4.956665961815576
-0.8628613787991104 0.015082142547129546 -5.025058099335433
-0.8569310600444777 0.016627894331693222 -5.095610769745252
-0.8510007412898446 0.018326718595393716 -5.16843198143585
-0.8450704225352115 0.020193020117653254 -5.24363714072016
-0.8391401037805784 0.02224244954767372 -5.321349698039409
-0.8332097850259452 0.024491994389078266 -5.401701863158118
-0.8272794662713121 0.02696007384258663 -5.484835398097989
-0.821349147516679 0.029666637122455528 -5.570902497852536
-0.8154188287620463 0.032633264715229544 -5.660066770434658
-0.8094885100074132 0.03588327187251899 -5.752504329580291
-0.80355819125278 0.03944181341808168 -5.848405015513343
-0.7976278724981469 0.04333598869770742 -5.947973761632948
-0.7916975537435138 0.04759494520168657 -6.051432127888809
-0.7857672349888807 0.05224997903639053 -6.159020025057961
-0.7798369162342476 0.057334630004963076 -6.270997658241322
-0.7739065974796144 0.06288476856727408 -6.38764772280323
-0.7679762787249818 0.06893867137458708 -6.509277891859039
-0.7620459599703486 0.0755370814016004 -6.636223641495674
-0.7561156412157155 0.08272324791245603 -6.768851468465053
-0.7501853224610824 0.09054294058056578 -6.907562565470894
-0.7442550037064493 0.0990444310147453 -7.0527970318176445
-0.7383246849518161 0.10827843370334284 -7.205038712671587
-0.732394366197183 0.11829799694767958 -7.364820779220781
-0.7264640474425503 0.1291583326863001 -7.532732185543658
-0.7205337286879172 0.1409165721780976 -7.709425167212338
-0.7146034099332841 0.15363143227628637 -7.895623983138876
-0.708673091178651 0.16736277444182704 -8.092135147986616
-0.7027427724240178 0.18217103566332465 -8.299859460342587
-0.6968124536693847 0.19811650701243208 -8.51980620541596
-0.6908821349147516 0.21525843160300048 -8.753110005167118
-0.6849518161601189 0.23365388916281637 -9.001050910077884
-0.6790214974054858 0.2533564291822547 -9.265078484245539
-0.6730911786508527 0.274414408575829 -9.546840841511301
-0.6671608598962195 0.29686898286775876 -9.848219862146074
-0.6612305411415864 0.3207516919626694 -10.171374181405943
-0.6553002223869533 0.34608157244049065 -10.518792027399211
-0.6493699036323202 0.37286171785267413 -10.893356645538985
-0.6434395848776875 0.40107519650304735 -11.29842795220683
-0.6375092661230544 0.43068022245117576 -11.737945317007988
-0.6315789473684212 0.4616044597269661 -12.216558139534868
-0.6256486286137881 0.49373832170270976 -12.73979340348095
-0.619718309859155 0.5269271068988282 -13.314273029966698
-0.6137879911045219 0.5609617888155367 -13.947999197862412
-0.6078576723498887 0.5955682502341507 -14.650733790220507
-0.6019273535952561 0.6303947212901456 -15.43451030180713
-0.5959970348406229 0.6649971448578121 -16.31433548820085
-0.5900667160859898 0.6988221516469305 -17.309168209351785
-0.5841363973313567 0.7311872799638617 -18.443312233141278
-0.5782060785767236 0.7612580201522096 -19.748442731252396
-0.5722757598220904 0.7880211997461884 -21.266630434204576
-0.5663454410674573 0.8102541501877041 -23.05498767920496
-0.5604151223128246 0.8264890063962631 -25.19305078021958
-0.5544848035581915 0.8349713814856049 -27.794983537175725
-0.5485544848035584 0.8336125217539341 -31.03072377421405
-0.5426241660489253 0.8199338651652935 -35.164782639607914
-0.5366938472942921 0.7910026651612677 -40.632667468391375
-0.530763528539659 0.7433569194723629 -48.205697352516836
-0.5248332097850259 0.6729170436986533 -59.39197236241947
-0.5189028910303932 0.5748798688905389 -77.592108360258
-0.5129725722757601 0.4435849028714344 -112.42498729810019
-0.507042253521127 0.2723171986428424 -205.9099300699239
-0.5011119347664938 0.05258076841320892 -1296.4784005921979
-0.4951816160118607 -0.21818100872860519 -300.30235668242915
-0.4892512972572276 -0.4421730157065038 -135.4253014818933
-0.4833209785025945 -0.6170008537806998 -87.8004251790424
-0.4773906597479618 -0.7503333824335231 -65.16380238348444
-0.4714603409933287 -0.8488996072585137 -51.93840836004945
-0.46553002223869555 -0.9185113659169056 -43.26689270014268
-0.4595997034840624 -0.9641584850070005 -37.14392847651156
-0.4536693847294293 -0.9901086097060069 -32.5909172483483
-0.4477390659747962 -1.0 -29.07344810657438
-0.44180874722016306 -0.9969248051753571 -26.27496010648297
-0.4358784284655304 -0.9835027230754533 -23.996002426601166
-0.42994810971089725 -0.9619456825237961 -22.10466397160706
-0.42401779095626413 -0.934114400553134 -20.510216430395406
-0.418087472201631 -0.9015676936684723 -19.14820650436508
-0.4121571534469979 -0.8656053794436114 -17.971586727634662
-0.40622683469236476 -0.8273055360243267 -16.94521166856617
-0.40029651593773163 -0.7875568113217091 -16.042298312980847
-0.39436619718309895 -0.7470863989767433 -15.242078740157526
-0.38843587842846583 -0.7064842280693144 -14.528201447823102
-0.3825055596738327 -0.666223849392067 -13.887616819272472
-0.3765752409191996 -0.6266804432480354 -13.309783898062983
-0.37064492216456646 -0.5881463220050867 -12.786095357287936
-0.36471460340993334 -0.5508442546660619 -12.30945371060837
-0.3587842846553002 -0.5149389000130916 -11.873954305560746
-0.3528539659006671 -0.4805465989550786 -11.474644974203523
-0.3469236471460344 -0.4477437450568022 -11.107341552709816
-0.3409933283914013 -0.4165739243929298 -10.768484684112728
-0.33506300963676816 -0.38705399142320335 -10.455027513876637
-0.32913269088213504 -0.3591792261378677 -10.16434677291888
-0.3232023721275019 -0.3329276989252606 -9.894171756730355
-0.3172720533728688 -0.3082639531533341 -9.642527134991926
-0.31134173461823567 -0.28514210105476173 -9.407686548477336
-0.305411415863603 -0.2635084159134743 -9.188134691999222
-0.29948109710896986 -0.24330349254945188 -8.982536126628952
-0.29355077835433674 -0.22446403849432284 -8.789709468133909
-0.2876204595997036 -0.20692434987141983 -8.60860590083154
-0.2816901408450705 -0.19061751868934107 -8.438291194420229
-0.27575982209043737 -0.17547641189466984 -8.2779305753535
-0.26982950333580424 -0.16143445699019848 -8.126775937981899
-0.26389918458117156 -0.14842626420678193 -7.984154984130038
-0.25796886582653844 -0.1363881110293124 -7.849461960408427
-0.2520385470719053 -0.12525831124077091 -7.722149725836363
-0.2461082283172722 -0.1149774874931203 -7.601722932326741
-0.24017790956263907 -0.10548876367876497 -7.48773214029318
-0.23424759080800595 -0.09673789100777538 -7.379768723374146
-0.22831727205337282 -0.08867331964705036 -7.277460441769159
-0.22238695329874014 -0.08124622600691139 -7.180467584280328
-0.21645663454410702 -0.07441050423225264 -7.088479595873532
-0.2105263157894739 -0.06812272913779131 -7.001212121212124
-0.20459599703484077 -0.06234209669261126 -6.918404405790522
-0.19866567828020765 -0.05703034718398264 -6.83981700549101
-0.19273535952557452 -0.05215167535333347 -6.7652297629858245
-0.1868050407709414 -0.04767263107988051 -6.694440015710969
-0.18087472201630872 -0.04356201357377368 -6.627261005388656
-0.1749444032616756 -0.039790761516701995 -6.563520463464074
-0.16901408450704247 -0.036331841141574915 -6.503059350503921
-0.16308376575240935 -0.033160133863531546 -6.4457307307030325
-0.15715344699777622 -0.030252324752917403 -6.391398765262725
-0.1512231282431431 -0.027586792868980806 -6.339937810621791
-0.14529280948850998 -0.02514350424391017 -6.291231609405468
-0.1393624907338773 -0.022903908114404372 -6.245172563564058
-0.13343217197924417 -0.020850836836992095 -6.201661080546043
-0.12750185322461105 -0.01896840978923852 -6.160604984528041
-0.12157153446997793 -0.01724194144785761 -6.121918985736038
-0.1156412157153448 -0.0156578537431735 -6.08552420176527
-0.10971089696071168 -0.014203592714396281 -6.0513477255604915
-0.10378057820607856 -0.012867549429249298 -6.019322235372553
-0.09785025945144588 -0.011638985082410456 -5.989385642575733
-0.09191994069681275 -0.010507960148116093 -5.961480773725942
-0.08598962194217963 -0.009465267431494753 -5.935555083673231
-0.0800593031875465 -0.008502368839349921 -5.911560396921853
-0.07412898443291338 -0.007611335672994685 -5.889452674765325
-0.06819866567828026 -0.006784792232328593 -5.869191806018662
-0.06226834692364713 -0.006015862510757816 -5.850741419431037
-0.056338028169014454 -0.005298119754042695 -5.834068716094033
-0.05040770941438133 -0.004625538652072511 -5.819144320367734
-0.044477390659748206 -0.00399244993037182 -5.8059421480324875
-0.03854707190511508 -0.0033934971073760535 -5.794439290541382
-0.03261675315048196 -0.0028235951837874518 -5.784615914400044
-0.026686434395848835 -0.002277891031309725 -5.7764551748385475
-0.02075611564121571 -0.001751725249488792 -5.7699431430671035
-0.014825796886582587 -0.001240595261032162 -5.765068746524724
-0.008895478131949908 -7.401194176566544E-4 -5.7618237216397095
-0.002965159377316784 -2.460018900750889E-4 -5.760202578724288
0.00296515937731634 2.4600188293884235E-4 -5.760202578724288
0.00889547813194902 7.401194104590883E-4 -5.7618237216397095
0.014825796886582587 0.0012405952537114407 -5.765068746524724
0.020756115641215267 0.001751725241982044 -5.769943143067103
0.026686434395848835 0.0022778910235525147 -5.7764551748385475
0.032616753150481514 0.002823595175713242 -5.784615914400042
0.03854707190511508 0.003393497098915648 -5.794439290541382
0.04447739065974776 0.003992449921452789 -5.805942148032487
0.05040770941438044 0.004625538642618596 -5.819144320367732
0.05633802816901401 0.005298119743973177 -5.834068716094032
0.06226834692364669 0.006015862499986859 -5.850741419431037
0.06819866567828026 0.006784792220764552 -5.869191806018662
0.07412898443291294 0.0076113356605393605 -5.889452674765323
0.0800593031875465 0.008502368825897782 -5.911560396921853
0.08598962194217918 0.009465267416932098 -5.935555083673229
0.09191994069681186 0.010507960132320155 -5.961480773725937
0.09785025945144543 0.01163898506524845 -5.98938564257573
0.10378057820607811 0.012867549410577396 -6.019322235372551
0.10971089696071168 0.01420359269405852 -6.0513477255604915
0.11564121571534436 0.01565785372100061 -6.085524201765267
0.12157153446997793 0.017241941423665738 -6.121918985736038
0.1275018532246106 0.018968409762827897 -6.160604984528037
0.13343217197924329 0.02085083680814557 -6.201661080546037
0.13936249073387685 0.022903908082885862 -6.245172563564054
0.14529280948850953 0.025143504209462993 -6.2912316094054646
0.1512231282431431 0.027586792831325892 -6.339937810621791
0.15715344699777578 0.0302523247117514 -6.391398765262721
0.16308376575240935 0.033160133818524784 -6.4457307307030325
0.16901408450704203 0.036331841092369206 -6.503059350503917
0.1749444032616747 0.03979076146290836 -6.563520463464064
0.18087472201630828 0.04356201351496987 -6.627261005388651
0.18680504077094096 0.04767263101560843 -6.694440015710963
0.19273535952557452 0.0521516752830964 -6.7652297629858245
0.1986656782802072 0.05703034710724237 -6.839817005491005
0.20459599703484077 0.06234209660878504 -6.918404405790522
0.21052631578947345 0.06812272904624868 -7.0012121212121174
0.21645663454410702 0.0744105041323121 -7.088479595873532
0.2223869532987397 0.08124622589783703 -7.18046758428032
0.22831727205337238 0.08867331952804829 -7.277460441769151
0.23424759080800595 0.09673789087799006 -7.379768723374146
0.24017790956263863 0.10548876353727563 -7.487732140293171
0.2461082283172722 0.11497748733890197 -7.601722932326741
0.2520385470719049 0.12525831107276117 -7.7221497258363545
0.25796886582653844 0.13638811084637245 -7.849461960408427
0.2638991845811711 0.14842626400769335 -7.984154984130027
0.2698295033358038 0.16143445677366017 -8.126775937981886
0.27575982209043737 0.17547641165929515 -8.2779305753535
0.28169014084507005 0.19061751843365568 -8.438291194420216
0.2876204595997036 0.20692434959386016 -8.60860590083154
0.2935507783543363 0.22446403819323513 -8.789709468133895
0.29948109710896986 0.24330349222309272 -8.982536126628952
0.30541141586360254 0.26350841556001203 -9.188134691999206
0.3113417346182352 0.28514210067227985 -9.407686548477319
0.3172720533728688 0.3082639527398363 -9.642527134991926
0.32320237212750147 0.3329276984786787 -9.894171756730335
0.32913269088213504 0.3591792256560719 -10.16434677291888
0.3350630096367677 0.38705399090401627 -10.455027513876615
0.3409933283914013 0.41657392383414454 -10.768484684112728
0.34692364714603396 0.4477437444562055 -11.10734155270979
0.35285396590066664 0.48054659831048013 -11.474644974203493
0.3587842846553002 0.5149388993223591 -11.873954305560746
0.3647146034099329 0.5508442539271659 -12.309453710608334
0.37064492216456646 0.5881463212161534 -12.786095357287936
0.37657524091919914 0.6266804424074125 -13.309783898062943
0.3825055596738327 0.6662238484984006 -13.887616819272472
0.3884358784284654 0.7064842271216428 -14.52820144782305
0.39436619718309807 0.7470863979746082 -15.242078740157414
0.40029651593773163 0.7875568102652873 -16.042298312980847
0.4062268346923643 0.8273055349145865 -16.945211668566095
0.4121571534469979 0.8656053782824965 -17.971586727634662
0.41808747220163056 0.9015676924591184 -19.148206504364985
0.42401779095626413 0.9341143993001225 -20.510216430395406
0.4299481097108968 0.9619456812334525 -22.104663971606932
0.4358784284655295 0.9835027217561939 -23.996002426600853
0.44180874722016306 0.9969248038380947 -26.27496010648297
0.44773906597479574 0.9999999986586134 -29.073448106574144
0.4536693847294293 0.9901086083778896 -32.5909172483483
0.459599703484062 0.9641584837136935 -37.14392847651117
0.46553002223869555 0.9185113646848304 -43.26689270014268
0.47146034099332823 0.848899606119816 -51.93840836004867
0.4773906597479609 0.7503333814270428 -65.16380238348194
0.4833209785025945 0.6170008529530729 -87.8004251790424
0.48925129725722716 0.4421730151133911 -135.42530148188777
0.4951816160118607 0.21818100843595517 -300.30235668242915
0.5011119347664934 -0.052580768342662475 -1296.4784005927152
0.507042253521127 -0.272317198277539 -205.9099300699239
0.5129725722757597 -0.44358490227639186 -112.424987298104
0.5189028910303923 -0.574879868119377 -77.59210836026158
0.5248332097850259 -0.6729170427959836 -59.39197236241947
0.5307635285396586 -0.7433569184752049 -48.20569735251751
0.5366938472942921 -0.7910026641001977 -40.632667468391375
0.5426241660489248 -0.8199338640654152 -35.16478263960827
0.5485544848035584 -0.8336125206357073 -31.03072377421405
0.5544848035581911 -0.8349713803655558 -27.79498353717594
0.5604151223128238 -0.8264890052875927 -25.193050780219927
0.5663454410674573 -0.8102541491008117 -23.05498767920496
0.57227575982209 -0.78802119868912 -21.2666304342047
0.5782060785767236 -0.7612580191310421 -19.748442731252396
0.5841363973313562 -0.7311872789830317 -18.443312233141373
0.5900667160859898 -0.698822150709516 -17.309168209351785
0.5959970348406225 -0.6649971439657713 -16.31433548820092
0.6019273535952552 -0.630394720444521 -15.434510301807252
0.6078576723498887 -0.5955682494352431 -14.650733790220507
0.6137879911045214 -0.560961788063051 -13.94799919786246
0.619718309859155 -0.5269271061919972 -13.314273029966698
0.6256486286137877 -0.49373832104039894 -12.73979340348099
0.6315789473684212 -0.4616044591077604 -12.216558139534868
0.6375092661230539 -0.4306802218734524 -11.737945317008021
0.6434395848776866 -0.40107519596503677 -11.298427952206893
0.6493699036323202 -0.3728617173525098 -10.893356645538985
0.6553002223869528 -0.3460815719762497 -10.518792027399238
0.6612305411415864 -0.32075169153240646 -10.171374181405943
0.6671608598962191 -0.2968689824695326 -9.848219862146097
0.6730911786508527 -0.27441440820772384 -9.546840841511301
0.6790214974054853 -0.2533564288423971 -9.265078484245558
0.684951816160118 -0.2336538888493882 -9.001050910077922
0.6908821349147516 -0.21525843131424838 -8.753110005167118
0.6968124536693843 -0.19811650674667453 -8.519806205415978
0.7027427724240178 -0.18217103541895666 -8.299859460342587
0.7086730911786505 -0.16736277421732318 -8.092135147986632
0.7146034099332841 -0.153631432070202 -7.895623983138876
0.7205337286879168 -0.1409165719890692 -7.709425167212351
0.7264640474425494 -0.12915833251304443 -7.532732185543684
0.732394366197183 -0.1182979967889922 -7.364820779220781
0.7383246849518157 -0.1082784335580959 -7.205038712671598
0.7442550037064493 -0.09904443088188505 -7.0527970318176445
0.7501853224610819 -0.09054294045910961 -6.907562565470904
0.7561156412157155 -0.08272324780148935 -6.768851468465053
0.7620459599703482 -0.0755370813002734 -6.6362236414956834
0.7679762787249809 -0.06893867128211131 -6.509277891859058
0.7739065974796144 -0.06288476848291916 -6.38764772280323
0.7798369162342471 -0.05733462992805322 -6.270997658241331
0.7857672349888807 -0.05224997896630133 -6.159020025057961
0.7916975537435134 -0.04759494513784173 -6.051432127888816
0.7976278724981469 -0.043335988639575634 -5.947973761632948
0.8035581912527796 -0.03944181336517362 -5.848405015513349
0.8094885100074123 -0.03588327182438442 -5.752504329580305
0.8154188287620459 -0.03263326467145461 -5.660066770434665
0.8213491475166785 -0.02966663708266009 -5.570902497852543
0.8272794662713121 -0.026960073806421833 -5.484835398097989
0.8332097850259448 -0.024491994356224202 -5.401701863158124
0.8391401037805784 -0.02224244951783724 -5.321349698039409
0.845070422535211 -0.020193020090565922 -5.243637140720166
0.8510007412898437 -0.01832671857080988 -5.168431981435861
0.8569310600444773 -0.01662789430938822 -5.0956107697452575
0.86286137879911 -0.01508214252689805 -5.025058099335437
0.8687916975537435 -0.013676217449528615 -4.956665961815576
0.8747220163083762 -0.012397949727521987 -4.8903331618574795
0.8806523350630098 -0.011236168216635993 -4.825964786992803
0.8865826538176425 -0.010180626136746418 -4.763471726198487
0.8925129725722751 -0.009221931568726414 -4.702770232110643
0.8984432913269087 -0.008351482208897414 -4.643781522322008
0.9043736100815414 -0.007561404267882996 -4.5864314157509884
0.910303928836175 -0.0068444953760912275 -4.5306500005341706
0.9162342475908076 -0.006194171339996498 -4.476371330298912
0.9221645663454412 -0.005604416580771383 -4.423533146025379
0.9280948851000739 -0.005069738078679377 -4.372076621017189
0.9340252038547074 -0.004585122642167939 -4.321946126770431
0.9399555226093401 -0.004145997319108271 -4.273089017769726
0.9458858413639728 -0.0037481927685286617 -4.225455433449193
0.9518161601186064 -0.003387909413988054 -4.178998115741672
0.957746478873239 -0.0030616862040198536 -4.133672240802678
0.9636767976278726 -0.0027663718104938245 -4.089435263640189
0.9696071163825053 -0.002499098102004961 -4.046246774509796
0.9755374351371389 -0.002257255736260202 -4.004068366048158
0.9814677538917715 -0.0020384717226967497 -3.96286351021927
0.9873980726464042 -0.001840588814065198 -3.9225974442377893
0.9933283914010378 -0.0016616465933130113 -3.8832370647143297
0.9992587101556705 -0.001499864129701095 -3.844750829339201
1.005189028910304 -0.0013536240855923022 -3.807108665485245
1.0111193476649367 -0.001221458162698089 -3.7702818851680937
1.0170496664195703 -0.0011020337837060073 -3.7342431058534227
1.022979985174203 -9.94141912097229E-4 -3.6989661766473803
1.0289103039288356 -8.96685919571326E-4 -3.664426109447668
1.0348406226834692 -8.086714168057412E-4 -3.630599014670495
1.040770941438102 -7.291969692775899E-4 -3.5974620412022125
1.0467012601927355 -6.574456255595595E-4 -3.5649933202549065
1.0526315789473681 -5.926771908684712E-4 -3.533171912832931
1.0585618977020017 -5.342211836971643E-4 -3.501977760541964
1.0644922164566344 -4.814704181034948E-4 -3.4713916394950495
1.070422535211267 -4.3387515867247497E-4 -3.4413951170901873
1.0763528539659006 -3.909377993188793E-4 -3.4119705114528576
1.0822831727205333 -3.5220802096919373E-4 -3.3831008533535423
1.0882134914751669 -3.1727838676582265E-4 -3.354769850425606
1.0941438102297996 -2.857803367857291E-4 -3.326961853523018
1.1000741289844331 -2.5738054737331955E-4 -3.2996618250698244
1.1060044477390658 -2.3177762306661053E-4 -3.2728553092651453
1.1119347664936985 -2.086990917597256E-4 -3.246528404017774
1.117865085248332 -1.878986762065378E-4 -3.2206677344943384
1.1237954040029647 -1.691538172424765E-4 -3.195260428173678
1.1297257227575983 -1.5226342619644327E-4 -3.1702940913081754
1.135656041512231 -1.370458458942623E-4 -3.145756786700308
1.1415863602668646 -1.2333700143046526E-4 -3.121637012709285
1.1475166790214972 -1.1098872351729066E-4 -3.097923683409065
1.15344699777613 -9.986722871883311E-5 -3.0746061098245696
1.1593773165307635 -8.985174225402352E-5 -3.051673982178351
1.1653076352853962 -8.083325031372671E-5 -3.029117353084682
1.1712379540400297 -7.271336999332526E-5 -3.006926621632494
1.1771682727946624 -6.5403326000809E-5 -2.985092518302807
1.183098591549296 -5.8823024269173655E-5 -2.9636060906698867
1.1890289103039287 -5.290021348792324E-5 -2.942458689839052
1.1949592290585613 -4.756972637825146E-5 -2.9216419575770844
1.200889547813195 -4.277279327618297E-5 -2.901147814094334
1.2068198665678276 -3.845642126327567E-5 -2.8809684464402547
1.2127501853224611 -3.4572832700701774E-5 -2.8610962974766556
1.2186805040770938 -3.107895758452873E-5 -2.8415240553954053
1.2246108228317274 -2.7935974652332653E-5 -2.8222446437493502
1.23054114158636 -2.5108896638074895E-5 -2.8032512119674022
1.2364714603409928 -2.256619549731168E-5 -2.7845371263264598
1.2424017790956263 -2.0279463811838833E-5 -2.7660959613547136
1.248332097850259 -1.8223108935070513E-5 -2.747921491642415
1.2542624166048926 -1.6374076759820477E-5 -2.7300076840376857
1.2601927353595253 -1.4711602281462577E-5 -2.712348690206433
1.2661230541141588 -1.3216984394232092E-5 -2.6949388395365936
1.2720533728687915 -1.1873382599021409E-5 -2.6777726323683035
1.2779836916234242 -1.0665633519557889E-5 -2.6608447335325423
1.2839140103780577 -9.580085322284987E-6 -2.644149966182016
1.2898443291326904 -8.604448315391545E-6 -2.6276833058989095
1.295774647887324 -7.7276601658871E-6 -2.61143987506507
1.3017049666419567 -6.939764321901874E-6 -2.5954149374811157
1.3076352853965902 -6.231800361868123E-6 -2.579603893221622
1.313565604151223 -5.595705114165142E-6 -2.5640022737144372
1.3194959229058556 -5.024223501325224E-6 -2.5486057370327213
1.3254262416604892 -4.510828163043621E-6 -2.5334100633890944
1.3313565604151218 -4.049647002961553E-6 -2.518411150821785
1.3372868791697554 -3.6353978863634196E-6 -2.5036050110632715
1.343217197924388 -3.263329790335754E-6 -2.4889877655824977
1.3491475166790217 -2.929169775294446E-6 -2.4745556417921257
1.3550778354336543 -2.629075207751777E-6 -2.460304969412902
1.361008154188287 -2.3595907193605655E-6 -2.446232176987519
1.3669384729429206 -2.1176094371801034E-6 -2.4323337885368668
1.3728687916975533 -1.9003380652492076E-6 -2.418606420351914
1.3787991104521868 -1.7052654383726403E-6 -2.405046777914797
1.3847294292068195 -1.5301342059342567E-6 -2.391651652943118
1.390659747961453 -1.372915336912336E-6 -2.378417920551672
1.3965900667160858 -1.2317851674243928E-6 -2.3653425365262293
1.4025203854707184 -1.105104739374225E-6 -2.3524225347041803
1.408450704225352 -9.914012033887265E-7 -2.3396550244572216
1.4143810229799847 -8.89351081466159E-7 -2.3270371882714374
1.4203113417346183 -7.977652048379301E-7 -2.314566279420383
1.426241660489251 -7.155751606780416E-7 -2.3022396197270525
1.4321719792438845 -6.418210976645985E-7 -2.2900545974107396
1.4381022979985172 -5.756407551749181E-7 -2.278008665015087
1.4440326167531499 -5.162595942328064E-7 -2.266099337413725
1.4499629355077834 -4.6298192036196016E-7 -2.254324189890153
1.4558932542624161 -4.151828993586288E-7 -2.2426808562886364
1.4618235730170497 -3.7230137679312304E-7 -2.2311670272330453
1.4677538917716824 -3.3383342088624394E-7 -2.2197804484107735
1.473684210526316 -2.993265163761498E-7 -2.2085189189189185
1.4796145292809486 -2.6837434417768146E-7 -2.197380289670149
1.4855448480355813 -2.4061208811576864E-7 -2.1863624618556967
1.4914751667902149 -2.1571221585599543E-7 -2.1754633854631416
1.4974054855448475 -1.9338068642089674E-7 -2.164681057846686
1.503335804299481 -1.733535414262528E-7 -2.1540135223477557
1.5092661230541138 -1.5539384144835164E-7 -2.143458866963889
1.5151964418087474 -1.3928891278675683E-7 -2.1330152230639077
1.52112676056338 -1.2484787335901605E-7 -2.1226807641475434
1.5270570793180127 -1.1189940959139788E-7 -2.1124537046476792
1.5329873980726463 -1.0028977898696594E-7 -2.1023322987735416
1.538917716827279 -8.988101558961178E-8 -2.092314839393195
1.5448480355819125 -8.054931784763068E-8 -2.082399656953775
1.5507783543365452 -7.218360043790887E-8 -2.0725851184380018
1.5567086730911788 -6.468419346424823E-8 -2.0628696263555213
1.5626389918458115 -5.796167411103857E-8 -2.053251617767758
1.5685693106004441 -5.193581733467456E-8 -2.0437295633449386
1.5744996293550777 -4.653465352629139E-8 -2.0343019664540885
1.5804299481097104 -4.169362229542619E-8 -2.024967362276803
1.586360266864344 -3.735481261851502E-8 -2.0157243169556396
1.5922905856189766 -3.346628058079609E-8 -2.0065714267680907
1.5982209043736102 -2.9981436826111845E-8 -1.9975073173270548
1.6041512231282429 -2.6858496626112382E-8 -1.9885306428068528
1.6100815418828756 -2.4059986197318513E-8 -1.9796400851938087
1.6160118606375091 -2.1552299539386924E-8 -1.9708343535605042
1.6219421793921418 -1.9305300647927083E-8 -1.9621121833628357
1.6278724981467754 -1.72919664768299E-8 -1.9534723357590154
1.633802816901408 -1.548806649412238E-8 -1.9449135969497577
1.6397331356560416 -1.3871875097119339E-8 -1.936434777538837
1.6456634544106743 -1.2423913531841618E-8 -1.9280347119133285
1.651593773165307 -1.1126718302575869E-8 -1.919712257642783
1.6575240919199405 -9.964633363906651E-9 -1.911466294896695
1.6634544106745732 -8.923623663016838E-9 -1.9032957258796004
1.6693847294292068 -7.991107847641494E-9 -1.8951994742831706
1.6753150481838395 -7.155808177577693E-9 -1.8871764847547363
1.681245366938473 -6.407615877621595E-9 -1.8792257223816273
1.6871756856931057 -5.737470349496335E-9 -1.8713461721908211
1.6931060044477384 -5.137250821793901E-9 -1.8635368386633306
1.699036323202372 -4.59967916202061E-9 -1.855796745262854
1.7049666419570046 -4.118232705164484E-9 -1.8481249339781878
1.7108969607116382 -3.6870660702822843E-9 -1.8405204648789195
1.716827279466271 -3.300941041774448E-9 -1.8329824156839845
1.7227575982209045 -2.9551636864819356E-9 -1.8255098813426112
1.7286879169755371 -2.645527962584452E-9 -1.818101973627277
1.7346182357301707 -2.3682651524788997E-9 -1.8107578207382418
1.7405485544848034 -2.11999852024712E-9 -1.8034765669193034
1.746478873239436 -1.8977026557709577E-9 -1.7962573720843744
1.7524091919940696 -1.698667022729277E-9 -1.7890994114545486
1.7583395107487023 -1.5204632772528156E-9 -1.782001875205305
1.7642698295033359 -1.3609159684915265E-9 -1.7749639681235045
1.7702001482579686 -1.218076272280175E-9 -1.7679849092738937
1.7761304670126021 -1.090198444934258E-9 -1.7610639316747685
1.7820607857672348 -9.757187163857076E-10 -1.754200281982544
1.7879911045218675 -8.732363707501628E-10 -1.7473932201849087
1.793921423276501 -7.81496788340775E-10 -1.740642019302318
1.7998517420311337 -6.993762464093575E-10 -1.733945965097548
1.8057820607857673 -6.258682967754643E-10 -1.7273043557930539
1.8117123795404 -5.600715572412992E-10 -1.720716501795903
1.8176426982950336 -5.011787705041651E-10 -1.7141817254300213
1.8235730170496662 -4.4846699936505666E-10 -1.7076993606755542
1.829503335804299 -4.012888405686637E-10 -1.701268752915095
1.8354336545589325 -3.5906455175508365E-10 -1.6948892586865862
1.8413639733135652 -3.212749968994827E-10 -1.6885602454426873
1.8472942920681987 -2.874553253907041E-10 -1.6822810913163966
1.8532246108228314 -2.5718930866836427E-10 -1.6760511848927615
1.859154929577465 -2.3010426620344753E-10 -1.6698699249864664
1.8650852483320977 -2.058665196624838E-10 -1.6637367204251454
1.8710155670867303 -1.8417732042324483E-10 -1.6576509898382268
1.876945885841364 -1.6476920128520773E-10 -1.6516121614511574
1.8828762045959966 -1.4740270830785632E-10 -1.6456196728848476
1.8888065233506302 -1.318634732744002E-10 -1.639672970960166
1.8947368421052628 -1.1795959137171646E-10 -1.6337715115073608
1.9006671608598964 -1.0551927234774521E-10 -1.6279147591802334
1.906597479614529 -9.438873669871573E-11 -1.6221021872749555
1.9125277983691618 -8.443033138950804E-11 -1.616333277553366
1.9184581171237953 -7.552084225620864E-11 -1.6106075200706413
1.924388435878428 -6.754998261195797E-11 -1.6049244130072
1.9303187546330616 -6.04190397037305E-11 -1.5992834625047172
1.9362490733876943 -5.403966257406293E-11 -1.5936841825061472
1.9421793921423278 -4.833277659067074E-11 -1.588126094599618
1.9481097108969605 -4.3227611438754995E-11 -1.5826087278661123
1.9540400296515932 -3.8660830743885715E-11 -1.5771316187307995
1.9599703484062267 -3.4575752724062554E-11 -1.5716943108179455
1.9659006671608594 -3.0921652372612915E-11 -1.566296354809281
1.971830985915493 -2.7653136662192722E-11 -1.5609373083057294
1.9777613046701257 -2.4729585146145945E-11 -1.5556167356924218
1.9836916234247592 -2.2114649127474653E-11 -1.550334208006881
1.989621942179392 -1.9775803277195664E-11 -1.5450893028103114
1.9955522609340246 -1.7683944221453837E-11 -1.5398816040618897
2.001482579688658 -1.581303118808534E-11 -1.5347107019959876
2.007412898443291 -1.4139764315245164E-11 -1.529576193002246
2.0133432171979244 -1.2643296683390077E-11 -1.5244776795084072
2.019273535952557 -1.1304976542864072E-11 -1.5194147698658584
2.0252038547071907 -1.0108116577518782E-11 -1.5143870782377837
2.0311341734618233 -9.037787374655781E-12 -1.5093942244898808
2.037064492216456 -8.080632567080626E-12 -1.5044358340835513
2.0429948109710896 -7.224703377778013E-12 -1.4995115379715171
2.0489251297257223 -6.459310534851534E-12 -1.4946209724957913
2.054855448480356 -5.774891736787413E-12 -1.4897637792879304
2.0607857672349885 -5.162893038368987E-12 -1.4849396051715353
2.066716085989622 -4.615662697991228E-12 -1.4801481020669085
2.0726464047442548 -4.126356179766567E-12 -1.4753889268978426
2.0785767234988874 -3.688851140525326E-12 -1.470661741500459
2.084507042253521 -3.2976713542543195E-12 -1.46596621253406
2.0904373610081537 -2.9479186361719493E-12 -1.4613020113939412
2.0963676797627873 -2.6352119268391674E-12 -1.4566688141261002
2.10229799851742 -2.355632784646501E-12 -1.4520663013438124
2.1082283172720535 -2.105676613767302E-12 -1.44749415814601
2.114158636026686 -1.882209025184901E-12 -1.44295207403743
2.120088954781319 -1.6824267915448204E-12 -1.4384397428504774
2.1260192735359524 -1.5038229131221162E-12 -1.433956862668766
2.131949592290585 -1.3441553628173376E-12 -1.4295031357522974
2.1378799110452187 -1.2014191234201588E-12 -1.4250782684642234
2.1438102297998514 -1.0738211709605067E-12 -1.4206819711991727
2.149740548554485 -9.597580942986496E-13 -1.4163139583130828
2.1556708673091176 -8.577960736321117E-13 -1.4119739480545168
2.1616011860637503 -7.666529697161137E-13 -1.4076616624974148
2.167531504818384 -6.85182301661731E-13 -1.4033768274752547
2.1734618235730165 -6.123589145111455E-13 -1.3991191725165852
2.17939214232765 -5.472661586780455E-13 -1.394888430781888
2.185322461082283 -4.890844220393332E-13 -1.3906843390017583
2.1912527798369164 -4.370808722010835E-13 -1.3865066374163444
2.197183098591549 -3.906002814424642E-13 -1.382355069716044
2.2031134173461817 -3.490568202499234E-13 -1.3782293829833998
2.2090437361008153 -3.1192671735505187E-13 -1.3741293276361894
2.214974054855448 -2.787416949305583E-13 -1.3700546573716672
2.2209043736100815 -2.490830972118115E-13 -1.3660051291119304
2.226834692364714 -2.2257663941461722E-13 -1.3619805029503946
2.2327650111193478 -1.9888771151918257E-13 -1.3579805420993347
2.2386953298739805 -1.7771717838036552E-13 -1.3540050128384855
2.244625648628613 -1.5879762379017988E-13 -1.3500536844646598
2.2505559673832467 -1.418899916361127E-13 -1.3461263292423722
2.2564862861378794 -1.267805822361488E-13 -1.3422227223554417
2.262416604892513 -1.1327836634938482E-13 -1.3383426418595437
2.2683469236471456 -1.0121258331428457E-13 -1.3344858686357046
2.274277242401779 -9.043059330379094E-14 -1.3306521863446967
2.280207561156412 -8.07959568513629E-14 -1.3268413813823368
2.2861378799110446 -7.218671763366668E-14 -1.323053242835642
2.292068198665678 -6.449386702913371E-14 -1.319287562439846
2.297998517420311 -5.761997123824493E-14 -1.3155441345362435
2.3039288361749444 -5.147794377926622E-14 -1.3118227560308435
2.309859154929577 -4.598994798735452E-14 -1.3081232263538225
2.3157894736842106 -4.1086415767951516E-14 -1.304445347419748
2.3217197924388433 -3.670517030729745E-14 -1.3007889235885666
2.327650111193476 -3.279064174173527E-14 -1.2971537616273272
2.3335804299481095 -2.929316594934541E-14 -1.2935396706726356
2.3395107487027422 -2.6168357666774043E-14 -1.2899464621938148
2.345441067457376 -2.3376550063797E-14 -1.2863739499567586
2.3513713862120085 -2.0882293739743976E-14 -1.2828219499884652
2.357301704966642 -1.865390884972822E-14 -1.279290280542231
2.3632320237212747 -1.666308473393175E-14 -1.275778762063498
2.3691623424759074 -1.4884522018259813E-14 -1.2722872171563289
2.375092661230541 -1.3295612686905054E-14 -1.268815470550508
2.3810229799851736 -1.1876154103375768E-14 -1.265363349069249
2.386953298739807 -1.0608093382272256E-14 -1.2619306815974933
2.39288361749444 -9.475298894843292E-15 -1.2585172990507938
2.3988139362490735 -8.463356031866888E-15 -1.255123034344762
2.404744255003706 -7.559384651920872E-15 -1.2517477223650801
2.410674573758339 -6.751875915437843E-15 -1.2483911999380473
2.4166048925129724 -6.030546448473464E-15 -1.245053305801667
2.422535211267605 -5.38620799789715E-15 -1.2417338805772542
2.4284655300222386 -4.81065093445917E-15 -1.2384327667415498
2.4343958487768713 -4.296540134331086E-15 -1.23514980859934
2.440326167531505 -3.837321925433389E-15 -1.2318848522565597
2.4462564862861376 -3.42714092410207E-15 -1.228637745593882
2.452186805040771 -3.0607657121459547E-15 -1.2254083382407677
2.458117123795404 -2.733522415666726E-15 -1.2221964815499846
2.4640474425500365 -2.4412353465468244E-15 -1.2190020285725662
2.46997776130467 -2.1801739565031513E-15 -1.2158248340332192
2.4759080800593027 -1.9470054331713653E-15 -1.2126647543061582
2.4818383988139363 -1.7387523388234517E-15 -1.2095216473913626
2.487768717568569 -1.55275475592195E-15 -1.2063953728912513
2.4936990363232026 -1.3866364605750875E-15 -1.2032857919877564
2.4996293550778352 -1.2382746957914579E-15 -1.2001927674198014
2.505559673832468 -1.1057731618785618E-15 -1.197116163461162
2.5114899925871015 -9.87437881956996E-16 -1.1940558458987116
2.517420311341734 -8.817556368814781E-16 -1.191011682011041
2.5233506300963677 -7.873746963274196E-16 -1.1879835405474397
2.5292809488510004 -7.030876018253938E-16 -1.184971291707242
2.535211267605634 -6.278157834704091E-16 -1.1819748071195175
2.5411415863602667 -5.605958152246058E-16 -1.1789939598231136
2.5470719051148993 -5.005671344625683E-16 -1.1760286242470284
2.553002223869533 -4.469610699387287E-16 -1.1730786761911185
2.5589325426241656 -3.9909103891955215E-16 -1.1701439928071324
2.564862861378799 -3.5634378902790524E-16 -1.167224452580057
2.570793180133432 -3.1817157357966335E-16 -1.1643199353097797
2.5767234988880654 -2.8408516101994176E-16 -1.1614303220930549
2.582653817642698 -2.536475896373972E-16 -1.15855549530577
2.5885841363973308 -2.2646858818311086E-16 -1.1556953385855047
2.5945144551519643 -2.021995914647895E-16 -1.1528497368143784
2.600444773906597 -1.8052928753392913E-16 -1.150018576102183
2.6063750926612306 -1.611796398284148E-16 -1.147201743769786
2.6123054114158633 -1.4390233366092104E-16 -1.1443991283328134
2.618235730170497 -1.2847560183054732E-16 -1.1416106194855917
2.6241660489251295 -1.1470138894941363E-16 -1.138836108085357
2.630096367679762 -1.024028183782853E-16 -1.1360754861367166
2.6360266864343957 -9.14219295100636E-17 -1.1333286467763628
2.6419570051890284 -8.161765657578598E-17 -1.1305954842580364
2.647887323943662 -7.286402321807022E-17 -1.127875893937727
2.6538176426982947 -6.504852982055527E-17 -1.1251697722591156
2.6597479614529282 -5.807071303355339E-17 -1.1224770167392464
2.665678280207561 -5.184085912686728E-17 -1.1197975259544308
2.6716085989621936 -4.6278854758279614E-17 -1.1171311995263715
2.677538917716827 -4.1313160495383224E-17 -1.11447793810851
2.68346923647146 -3.6879893991349296E-17 -1.1118376433725903
2.6893995552260934 -3.2922011111732407E-17 -1.1092102179954313
2.695329873980726 -2.938857455718994E-17 -1.1065955656459106
2.7012601927353597 -2.6234100641868152E-17 -1.103993590972151
2.7071905114899923 -2.3417975883320424E-17 -1.1014041995889081
2.713120830244625 -2.090393594981134E-17 -1.0988272980651534
2.7190511489992586 -1.8659600306017806E-17 -1.0962627939118523
2.7249814677538913 -1.6656056608559358E-17 -1.0937105955699316
2.730911786508525 -1.4867489537494402E-17 -1.091170612398431
2.7368421052631575 -1.3270849316968658E-17 -1.0886427546628408
2.742772424017791 -1.184555568480084E-17 -1.086126933523616
2.7487027427724238 -1.0573233523376052E-17 -1.0836230610248687
2.7546330615270564 -9.437476768542496E-18 -1.0811310500832327
2.76056338028169 -8.423637574412964E-18 -1.078650814476898
2.7664936990363227 -7.518638034652507E-18 -1.0761822688348135
2.7724240177909563 -6.710802049093274E-18 -1.0737253286260513
2.778354336545589 -5.989705182024015E-18 -1.0712799101493347
2.7842846553002225 -5.346040588533404E-18 -1.0688459305227216
2.790214974054855 -4.77149929077129E-18 -1.0664233076734468
2.796145292809488 -4.258663269547121E-18 -1.0640119603279128
2.8020756115641214 -3.800910000648353E-18 -1.0616118080018326
2.808005930318754 -3.3923272117224785E-18 -1.0592227709905226
2.8139362490733877 -3.0276367663911138E-18 -1.056844770359333
2.8198665678280204 -2.7021266991209796E-18 -1.0544777279342288
2.825796886582654 -2.4115905287546163E-18 -1.052121566292503
2.8317272053372866 -2.1522730718345035E-18 -1.0497762087536333
2.8376575240919193 -1.9208220601272866E-18 -1.0474415793702687
2.843587842846553 -1.7142449411325677E-18 -1.0451176029193519
2.8495181616011855 -1.52987030679255E-18 -1.042804204893371
2.855448480355819 -1.365313454952812E-18 -1.0405013114917372
2.861378799110452 -1.2184456411182694E-18 -1.0382088496122934
2.8673091178650854 -1.0873666253788545E-18 -1.0359267468429396
2.873239436619718 -9.70380161651259E-19 -1.0336549314533865
2.8791697553743507 -8.659721141364274E-19 -1.0313933323870232
2.8851000741289843 -7.727909196098961E-19 -1.0291418792529052
2.891030392883617 -6.896301442746201E-19 -1.0269005023178592
2.8969607116382505 -6.154129107986754E-19 -1.0246691324986958
2.902891030392883 -5.491779951771485E-19 -1.0224477013545419
2.9088213491475168 -4.900674145058714E-19 -1.0202361410792733
2.9147516679021495 -4.373153459089212E-19 -1.0180343844940651
2.920681986656782 -3.9023823396710315E-19 -1.0158423650400397
2.9266123054114157 -3.482259592699957E-19 -1.0136600167710237
2.9325426241660484 -3.1073395435513057E-19 -1.0114872743464076
2.938472942920682 -2.772761654792477E-19 -1.0093240730241022
2.9444032616753146 -2.4741876954433647E-19 -1.0071703486536003
2.950333580429948 -2.2077456521475166E-19 -1.0050260376691296
2.956263899184581 -1.96997965935558E-19 -1.002891077082906
2.9621942179392136 -1.7578053030761547E-19 -1.00076540447848
2.968124536693847 -1.5684697219106533E-19 -0.9986489580041735
2.97405485544848 -1.3995159908453E-19 -0.9965416763666137
2.9799851742031134 -1.2487513284170307E-19 -0.9944434988243491
2.985915492957746 -1.1142187171084087E-19 -0.9923543651815607
2.9918458117123796 -9.941715707915602E-20 -0.990274215781855
2.9977761304670123 -8.870511222969174E-20 -0.9882029915021466
3.003706449221645 -7.914662392332312E-20 -0.9861406337466214
3.0096367679762785 -7.061754074809405E-20 -0.9840870844407839
3.0155670867309112 -6.300706497235639E-20 -0.9820422860255883
3.021497405485545 -5.621631713302473E-20 -0.9800061814516441
3.0274277242401775 -5.0157054817754093E-20 -0.977978714173507
3.033358042994811 -4.475052908861672E-20 -0.9759598281440414
3.0392883617494437 -3.992646377046228E-20 -0.9739494678088645
3.0452186805040764 -3.562214441242204E-20 -0.9719475781008609
3.05114899925871 -3.178160514634937E-20 -0.9699541044347739
3.0570793180133427 -2.835490292957931E-20 -0.9679689927018704
3.063009636767976 -2.5297469787496297E-20 -0.965992189264673
3.068939955522609 -2.256953467853606E-20 -0.9640236409517677
3.0748702742772425 -2.013560750337821E-20 -0.9620632950526772
3.080800593031875 -1.796401858278315E-20 -0.960111099312805
3.086730911786508 -1.6026507645126478E-20 -0.9581670019284445
3.0926612305411414 -1.4297857004413273E-20 -0.9562309515418561
3.098591549295774 -1.2755564180653825E-20 -0.9543028972364089
3.1045218680504076 -1.1379549724308379E-20 -0.952382788531785
3.1104521868050403 -1.0151896461630745E-20 -0.9504705753792501
3.116382505559674 -9.056616784024346E-21 -0.9485662081569821
3.1223128243143066 -8.079444967206491E-21 -0.9466696376654655
3.1282431430689392 -7.207651829733172E-21 -0.9447808151229413
3.134173461823573 -6.429879329442404E-21 -0.9428996921609201
3.1401037805782055 -5.735992954356152E-21 -0.9410262208197522
3.146034099332839 -5.116949994867453E-21 -0.9391603535442533
3.1519644180874717 -4.564681989601221E-21 -0.9373020431793913
3.1578947368421053 -4.071989820827439E-21 -0.9354512429660231
3.163825055596738 -3.6324500990919035E-21 -0.9336079065366929
3.1697553743513707 -3.240331622927049E-21 -0.9317719879114774
3.1756856931060042 -2.890520830001007E-21 -0.929943441493891
3.181616011860637 -2.578455272542335E-21 -0.928122222066839
3.1875463306152705 -2.30006425384509E-21 -0.9263082847886239
3.193476649369903 -2.0517158554573312E-21 -0.9245015851890038
3.1994069681245367 -1.8301696674846453E-21 -0.922702079165298
3.2053372868791694 -1.63253460836936E-21 -0.9209097229785459
3.211267605633802 -1.4562312864912648E-21 -0.9191244732497106
3.2171979243884357 -1.2989584148299015E-21 -0.9173462869559331
3.2231282431430683 -1.1586628424933718E-21 -0.9155751214268337
3.229058561897702 -1.033512813833849E-21 -0.9138109343408576
3.2349888806523346 -9.218741077424034E-22 -0.9120536837216693
3.240919199406968 -8.222887470870773E-22 -0.9103033279345896
3.246849518161601 -7.334560016118512E-22 -0.9085598256830797
3.2527798369162344 -6.5421543738191E-22 -0.9068231360052661
3.258710155670867 -5.835317924277005E-22 -0.9050932182705116
3.2646404744254998 -5.204814819506078E-22 -0.9033700321760271
3.2705707931801333 -4.642405576136425E-22 -0.9016535377435253
3.276501111934766 -4.1407396432535617E-22 -0.8999436953159181
3.2824314306893996 -3.6932595477887825E-22 -0.8982404655540506
3.2883617494440323 -3.2941153704880913E-22 -0.8965438094334794
3.294292068198666 -2.9380884397159173E-22 -0.8948536882412879
3.3002223869532985 -2.6205232501384566E-22 -0.8931700635729415
3.306152705707931 -2.3372667202323926E-22 -0.891492897329181
3.3120830244625648 -2.0846139979635992E-22 -0.8898221517129543
3.3180133432171974 -1.859260109114083E-22 -0.8881577892263851
3.323943661971831 -1.6582568187076985E-22 -0.8864997726677781
3.3298739807264637 -1.478974143781386E-22 -0.8848480651286617
3.3358042994810972 -1.3190660162481882E-22 -0.8832026299908642
3.34173461823573 -1.1764396485859284E-22 -0.8815634309236288
3.3476649369903626 -1.0492282032616844E-22 -0.879930431880759
3.353595255744996 -9.357664097922472E-23 -0.8783035970978019
3.359525574499629 -8.345688117025495E-23 -0.8766828910892643
3.3654558932542624 -7.443103598755878E-23 -0.8750682786458597
3.371386212008895 -6.638090993330591E-23 -0.873459724831793
3.3773165307635287 -5.920107237424221E-23 -0.8718571949820723
3.3832468495181613 -5.279747962673485E-23 -0.8702606546998566
3.389177168272794 -4.7086245708047167E-23 -0.8686700698538329
3.3951074870274276 -4.199254572218856E-23 -0.8670854065756246
3.4010378057820603 -3.744963757656034E-23 -0.8655066312572323
3.406968124536694 -3.3397989267368286E-23 -0.8639337105485011
3.4128984432913265 -2.978450034743463E-23 -0.8623666113546222
3.41882876204596 -2.6561807417498766E-23 -0.8608053008336598
3.4247590808005928 -2.3687664577303502E-23 -0.8592497463941098
3.4306893995552254 -2.1124390749964784E-23 -0.8576999156924854
3.436619718309859 -1.8838376665023004E-23 -0.8561557766309313
3.4425500370644917 -1.6799645063516258E-23 -0.8546172973548674
3.4484803558191253 -1.4981458382517952E-23 -0.8530844462506555
3.454410674573758 -1.3359968795874062E-23 -0.8515571919432989
3.4603409933283915 -1.1913906040418125E-23 -0.8500355032941632
3.466271312083024 -1.062429894992418E-23 -0.8485193493987274
3.472201630837657 -9.474227058897072E-24 -0.8470086995843583
3.4781319495922904 -8.448599030720989E-24 -0.845503523408112
3.484062268346923 -7.533955014799968E-24 -0.8440037906545605
3.4899925871015567 -6.718290349687581E-24 -0.8425094713336421
3.4959229058561894 -5.99089830788491E-24 -0.8410205356785379
3.501853224610823 -5.342229826616133E-24 -0.8395369541435708
3.5077835433654556 -4.7637683907085975E-24 -0.838058697402131
3.5137138621200883 -4.247918431598842E-24 -0.8365857363446217
3.519644180874722 -3.787905783036743E-24 -0.8351180420764306
3.5255744996293545 -3.3776888915673186E-24 -0.8336555859159245
3.531504818383988 -3.0118796203868153E-24 -0.8321983393924639
3.537435137138621 -2.685672610528441E-24 -0.8307462742444436
3.5433654558932544 -2.3947822751676126E-24 -0.8292993624173515
3.549295774647887 -2.1353866026053844E-24 -0.8278575760618536
3.5552260934025197 -1.904077032492722E-24 -0.8264208875318961
3.5611564121571533 -1.697813749258505E-24 -0.824989269382831
3.567086730911786 -1.5138858075362522E-24 -0.8235626943695636
3.5730170496664195 -1.3498755675727138E-24 -0.8221411354447177
3.578947368421052 -1.2036269749701443E-24 -0.8207245657568238
3.584877687175686 -1.073217269398872E-24 -0.8193129586485264
3.5908080059303185 -9.569317517740258E-25 -0.8179062876548107
3.596738324684951 -8.532412794054781E-25 -0.8165045265012498
3.6026686434395847 -7.607821943256541E-25 -0.8151076491022706
3.6085989621942174 -6.783384218418822E-25 -0.8137156295594397
3.614529280948851 -6.0482550476423745E-25 -0.8123284421597663
3.6204595997034836 -5.392763640973312E-25 -0.810946061374026
3.626389918458117 -4.80828599586171E-25 -0.8095684618551009
3.63232023721275 -4.2871316366730985E-25 -0.8081956184363397
3.6382505559673826 -3.8224426036045053E-25 -0.8068275061299339
3.644180874722016 -3.408103366774349E-25 -0.8054641001253127
3.650111193476649 -3.038660484347975E-25 -0.8041053757875556
3.6560415122312824 -2.7092509511980514E-25 -0.8027513086558211
3.661971830985915 -2.415538298449914E-25 -0.801401874441794
3.6679021497405486 -2.1536556058146536E-25 -0.8000570490281472
3.6738324684951813 -1.9201546791951524E-25 -0.7987168084670229
3.679762787249814 -1.7119607268467894E-25 -0.7973811289785272
3.6856931060044476 -1.5263319394419987E-25 -0.796049986949243
3.6916234247590802 -1.360823443668727E-25 -0.7947233589307587
3.697553743513714 -1.2132551563281583E-25 -0.7934012216382111
3.7034840622683465 -1.0816831170368456E-25 -0.7920835519488456
3.70941438102298 -9.643739232518468E-26 -0.79077032690059
3.7153446997776127 -8.59781932021468E-26 -0.7894615236906461
3.7212750185322454 -7.665289291512539E-26 -0.7881571196740929
3.727205337286879 -6.833859988399076E-26 -0.7868570923625073
3.7331356560415117 -6.092573557065603E-26 -0.7855614194225984
3.739065974796145 -5.431659268771756E-26 -0.7842700786748558
3.744996293550778 -4.8424049476100756E-26 -0.782983048092213
3.7509266123054115 -4.317042316286284E-26 -0.7817003057987238
3.756856931060044 -3.8486447536936394E-26 -0.7804218300682545
3.762787249814677 -3.431036120972621E-26 -0.7791475993231869
3.7687175685693104 -3.058709458044182E-26 -0.7778775921331378
3.774647887323943 -2.726754482189311E-26 -0.7766117872136898
3.7805782060785766 -2.430792935817809E-26 -0.7753501634251367
3.7865085248332093 -2.16692093363947E-26 -0.7740926997712412
3.792438843587843 -1.931657551372129E-26 -0.772839375398005
3.7983691623424756 -1.7218989800981765E-26 -0.7715901695924534
3.8042994810971082 -1.5348776434888613E-26 -0.7703450617814305
3.810229799851742 -1.3681257403124008E-26 -0.7691040315304081
3.8161601186063745 -1.2194427327825816E-26 -0.7678670585423066
3.822090437361008 -1.0868663531515074E-26 -0.7666341226563276
3.8280207561156407 -9.686467471834821E-27 -0.7654052038467996
3.8339510748702743 -8.632234143730734E-27 -0.7641802822220332
3.839881393624907 -7.6920464153005E-27 -0.7629593380231916
3.8458117123795397 -6.853491591293297E-27 -0.761742351623169
3.8517420311341732 -6.1054977904541434E-27 -0.7605293035254825
3.857672349888806 -5.438187983414257E-27 -0.7593201743631759
3.8636026686434395 -4.842749770047115E-27 -0.7581149448977313
3.869532987398072 -4.311319182188215E-27 -0.7569135960179969
3.8754633061527057 -3.836876982071671E-27 -0.75571610873912
3.8813936249073384 -3.413156091190132E-27 -0.7545224642014956
3.887323943661971 -3.034558930693893E-27 -0.7533326436697225
3.8932542624166047 -2.6960835848328654E-27 -0.7521466285315708
3.8991845811712373 -2.393257815023479E-27 -0.7509644002969613
3.905114899925871 -2.1220800554159892E-27 -0.749785940596952
3.9110452186805036 -1.8789666127027374E-27 -0.7486112311827385
3.916975537435137 -1.6607043745511762E-27 -0.7474402539246602
3.92290585618977 -1.4644084035394609E-27 -0.7462729908112209
3.9288361749444025 -1.2874838577693337E-27 -0.7451094239481151
3.934766493699036 -1.1275917362755957E-27 -0.743949535557267
3.9406968124536688 -9.826179976917394E-28 -0.7427933079758777
3.9466271312083023 -8.506456450286215E-28 -0.7416407236554811
3.952557449962935 -7.2992940846064155E-28 -0.7404917651610112
3.9584877687175686 -6.1887269220454495E-28 -0.7393464151698768
3.9644180874722013 -5.1600648136875E-28 -0.7382046564710463
3.970348406226835 -4.199699304372678E-28 -0.7370664719641407
3.9762787249814675 -3.294923771703383E-28 -0.7359318446585366
3.9822090437361 -2.43376544444132E-28 -0.7348007576724769
3.9881393624907338 -1.6048270816001891E-28 -0.7336731942321912
3.9940696812453664 -7.971362203451273E-29 -0.732549137671024
4.0 0.0 0.0
