# 0.03811  hbar^2/(2m)
# -4.0 xmin
# 4.0 xmax
# 1350 ngrid
# 0 nnode 
# 0.1 vscale
# -9.033518431380617  Energy
#offset=0
#d=10
#w=0.5
#s=0.5
#offset-(d*pulse(s/2,abs(x))*pulse(abs(x),w+s/2))
-4.0 0.0 0.0
-3.994069681245367 1.0126550785876233E-23 0.0
-3.9881393624907338 2.0337578363530838E-23 0.0
-3.9822090437361006 3.071826423935826E-23 0.0
-3.976278724981468 4.135520522779131E-23 0.0
-3.970348406226835 5.2337135851377584E-23 0.0
-3.9644180874722017 6.375566857385026E-23 0.0
-3.9584877687175686 7.570605804129834E-23 0.0
-3.9525574499629355 8.828799570681956E-23 0.0
-3.9466271312083023 1.016064414675016E-22 0.0
-3.940696812453669 1.1577249925133796E-22 0.0
-3.9347664936990365 1.3090434385832024E-22 0.0
-3.9288361749444034 1.4712820678751618E-22 0.0
-3.9229058561897703 1.6457942927401066E-22 0.0
-3.916975537435137 1.8340359132025883E-22 0.0
-3.911045218680504 2.0375772614035378E-22 0.0
-3.905114899925871 2.2581163014823587E-22 0.0
-3.899184581171238 2.4974927941790773E-22 0.0
-3.893254262416605 2.7577036443192122E-22 0.0
-3.887323943661972 3.0409195592117543E-22 0.0
-3.881393624907339 3.349503156926428E-22 0.0
-3.8754633061527057 3.686028675511466E-22 0.0
-3.8695329873980726 4.0533034475683367E-22 0.0
-3.8636026686434395 4.454391319326674E-22 0.0
-3.8576723498888064 4.892638209583885E-22 0.0
-3.8517420311341732 5.371700021724903E-22 0.0
-3.8458117123795406 5.895573141667195E-22 0.0
-3.8398813936249074 6.468627776148218E-22 0.0
-3.8339510748702743 7.095644409466954E-22 0.0
-3.828020756115641 7.781853682805622E-22 0.0
-3.822090437361008 8.53298002880925E-22 0.0
-3.816160118606375 9.355289425427517E-22 0.0
-3.810229799851742 1.025564166738662E-21 0.0
-3.804299481097109 1.1241547591345502E-21 0.0
-3.798369162342476 1.2321231732114914E-21 0.0
-3.792438843587843 1.3503700932624379E-21 0.0
-3.7865085248332098 1.4798819479988822E-21 0.0
-3.7805782060785766 1.6217391394468196E-21 0.0
-3.7746478873239435 1.7771250557783538E-21 0.0
-3.7687175685693104 1.947335943264973E-21 0.0
-3.7627872498146777 2.1337917197054088E-21 0.0
-3.7568569310600446 2.338047819534868E-21 0.0
-3.7509266123054115 2.5618081694288417E-21 0.0
-3.7449962935507783 2.8069394026453793E-21 0.0
-3.739065974796145 3.075486430683437E-21 0.0
-3.733135656041512 3.369689502157767E-21 0.0
-3.727205337286879 3.692002891197341E-21 0.0
-3.7212750185322463 4.045115371267973E-21 0.0
-3.715344699777613 4.431972645214E-21 0.0
-3.70941438102298 4.8558019186328746E-21 0.0
-3.703484062268347 5.320138821576455E-21 0.0
-3.697553743513714 5.8288569031627345E-21 0.0
-3.6916234247590807 6.3861999451453205E-21 0.0
-3.6856931060044476 6.996817364003945E-21 0.0
-3.679762787249815 7.665802996884136E-21 0.0
-3.6738324684951817 8.39873759494258E-21 0.0
-3.6679021497405486 9.201735378582307E-21 0.0
-3.6619718309859155 1.0081495042946552E-20 0.0
-3.6560415122312824 1.1045355639164665E-20 0.0
-3.6501111934766493 1.2101357797517555E-20 0.0
-3.644180874722016 1.3258310803252982E-20 0.0
-3.6382505559673834 1.4525866084604456E-20 0.0
-3.6323202372127503 1.591459772605883E-20 0.0
-3.626389918458117 1.7436090678523065E-20 0.0
-3.620459599703484 1.9103037402248964E-20 0.0
-3.614529280948851 2.0929343748721728E-20 0.0
-3.608598962194218 2.2930244964790636E-20 0.0
-3.6026686434395847 2.5122432786760877E-20 0.0
-3.596738324684952 2.7524194684679405E-20 0.0
-3.590808005930319 3.0155566418405794E-20 0.0
-3.584877687175686 3.303849917810754E-20 0.0
-3.5789473684210527 3.6197042703483974E-20 0.0
-3.5730170496664195 3.965754590931942E-20 0.0
-3.5670867309117864 4.3448876691005816E-20 0.0
-3.5611564121571533 4.7602662743676435E-20 0.0
-3.5552260934025206 5.2153555403890306E-20 0.0
-3.5492957746478875 5.713951871486328E-20 0.0
-3.5433654558932544 6.260214612665964E-20 0.0
-3.5374351371386212 6.858700747329162E-20 0.0
-3.531504818383988 7.514402912124792E-20 0.0
-3.525574499629355 8.232791046069143E-20 0.0
-3.519644180874722 9.019858021374133E-20 0.0
-3.513713862120089 9.882169636641316E-20 0.0
-3.507783543365456 1.0826919389470345E-19 0.0
-3.501853224610823 1.1861988485400996E-19 0.0
-3.49592290585619 1.2996011583789847E-19 0.0
-3.4899925871015567 1.4238448829080953E-19 0.0
-3.4840622683469236 1.5599664768363198E-19 0.0
-3.4781319495922904 1.7091014813553194E-19 0.0
-3.4722016308376578 1.872493996948073E-19 0.0
-3.4662713120830246 2.0515070618108758E-19 0.0
-3.4603409933283915 2.247634022466723E-19 0.0
-3.4544106745737584 2.4625109914249757E-19 0.0
-3.4484803558191253 2.6979304958104636E-19 0.0
-3.442550037064492 2.955856430820383E-19 0.0
-3.436619718309859 3.2384404427523513E-19 0.0
-3.4306893995552263 3.5480398782726374E-19 0.0
-3.424759080800593 3.887237449659308E-19 0.0
-3.41882876204596 4.258862780069907E-19 0.0
-3.412898443291327 4.666016008566635E-19 0.0
-3.406968124536694 5.112093651814732E-19 0.0
-3.4010378057820607 5.600816938195159E-19 0.0
-3.3951074870274276 6.136262850697858E-19 0.0
-3.389177168272795 6.72289813755878E-19 0.0
-3.3832468495181613 7.365616574361127E-19 0.0
-3.3773165307635287 8.069779788445337E-19 0.0
-3.3713862120088955 8.841261986189475E-19 0.0
-3.3654558932542624 9.686498956279894E-19 0.0
-3.3595255744996293 1.0612541757762815E-18 0.0
-3.353595255744996 1.1627115540748361E-18 0.0
-3.3476649369903635 1.273868399045585E-18 0.0
-3.34173461823573 1.3956519932199535E-18 0.0
-3.3358042994810972 1.5290782686309334E-18 0.0
-3.329873980726464 1.6752602818289723E-18 0.0
-3.323943661971831 1.8354174991211856E-18 0.0
-3.318013343217198 2.0108859694923735E-18 0.0
-3.3120830244625648 2.2031294700714567E-18 0.0
-3.306152705707932 2.4137517171200293E-18 0.0
-3.3002223869532985 2.644509744408428E-18 0.0
-3.294292068198666 2.8973285605831916E-18 0.0
-3.2883617494440327 3.1743172077992698E-18 0.0
-3.2824314306893996 3.477786355579841E-18 0.0
-3.2765011119347665 3.8102675766736424E-18 0.0
-3.2705707931801333 4.174534465711111E-18 0.0
-3.2646404744255006 4.573625776833479E-18 0.0
-3.258710155670867 5.010870773311441E-18 0.0
-3.2527798369162344 5.4899170006226845E-18 0.0
-3.2468495181616013 6.014760714674329E-18 0.0
-3.240919199406968 6.589780219005813E-18 0.0
-3.234988880652335 7.219772389074838E-18 0.0
-3.229058561897702 7.909992688315917E-18 0.0
-3.2231282431430692 8.666199009789889E-18 0.0
-3.2171979243884357 9.494699709156183E-18 0.0
-3.211267605633803 1.0402406229664189E-17 0.0
-3.20533728687917 1.139689075816708E-17 0.0
-3.1994069681245367 1.2486449393130914E-17 0.0
-3.1934766493699036 1.3680171351593399E-17 0.0
-3.1875463306152705 1.4988014792404327E-17 0.0
-3.181616011860638 1.6420889888273464E-17 0.0
-3.1756856931060042 1.7990749839621926E-17 0.0
-3.1697553743513716 1.9710690589484548E-17 0.0
-3.1638250555967384 2.1595060071295885E-17 0.0
-3.1578947368421053 2.365957790091669E-17 0.0
-3.151964418087472 2.5921466511384967E-17 0.0
-3.146034099332839 2.8399594824331846E-17 0.0
-3.1401037805782064 3.1114635656585047E-17 0.0
-3.134173461823573 3.408923817506286E-17 0.0
-3.12824314306894 3.734821683859636E-17 0.0
-3.122312824314307 4.0918758402852985E-17 0.0
-3.116382505559674 4.4830648715219233E-17 0.0
-3.1104521868050408 4.911652119159013E-17 0.0
-3.1045218680504076 5.381212904788596E-17 0.0
-3.098591549295775 5.895664355728124E-17 0.0
-3.0926612305411414 6.459298082124035E-17 0.0
-3.0867309117865087 7.076815978031948E-17 0.0
-3.0808005930318756 7.753369445129992E-17 0.0
-3.0748702742772425 8.494602366273788E-17 0.0
-3.0689399555226093 9.306698187383151E-17 0.0
-3.063009636767976 1.0196431500422765E-16 0.0
-3.057079318013343 1.1171224557787664E-16 0.0
-3.05114899925871 1.2239209189542718E-16 0.0
-3.0452186805040773 1.340929464003647E-16 0.0
-3.039288361749444 1.4691241889789758E-16 0.0
-3.033358042994811 1.6095745082660464E-16 0.0
-3.027427724240178 1.7634520737558625E-16 0.0
-3.021497405485545 1.9320405488925835E-16 0.0
-3.0155670867309117 2.1167463171340613E-16 0.0
-3.0096367679762785 2.319110214156128E-16 0.0
-3.003706449221646 2.540820381671955E-16 0.0
-2.9977761304670127 2.783726350094455E-16 0.0
-2.9918458117123796 3.049854467520829E-16 0.0
-2.9859154929577465 3.3414248037495253E-16 0.0
-2.9799851742031134 3.660869670344785E-16 0.0
-2.9740548554484807 4.0108539112451443E-16 0.0
-2.968124536693847 4.3942971331823944E-16 0.0
-2.9621942179392144 4.814398061359552E-16 0.0
-2.9562638991845813 5.274661223565587E-16 0.0
-2.950333580429948 5.778926185328693E-16 0.0
-2.944403261675315 6.331399579990934E-16 0.0
-2.938472942920682 6.936690200902667E-16 0.0
-2.9325426241660493 7.599847448479625E-16 0.0
-2.9266123054114157 8.326403452852238E-16 0.0
-2.920681986656783 9.122419223498909E-16 0.0
-2.9147516679021495 9.994535210848524E-16 0.0
-2.9088213491475168 1.0950026701642613E-15 0.0
-2.9028910303928837 1.1996864510171307E-15 0.0
-2.8969607116382505 1.3143781471676016E-15 0.0
-2.891030392883618 1.4400345292614036E-15 0.0
-2.8851000741289843 1.5777038365509939E-15 0.0
-2.8791697553743516 1.7285345214217986E-15 0.0
-2.873239436619718 1.893784829907343E-15 0.0
-2.8673091178650854 2.074833298114977E-15 0.0
-2.8613787991104522 2.2731902521245244E-15 0.0
-2.855448480355819 2.4905104072932654E-15 0.0
-2.8495181616011864 2.728606672072025E-15 0.0
-2.843587842846553 2.989465271485318E-15 0.0
-2.83765752409192 3.2752623164372607E-15 0.0
-2.8317272053372866 3.588381957066216E-15 0.0
-2.825796886582654 3.9314362715854295E-15 0.0
-2.819866567828021 4.30728705652455E-15 0.0
-2.8139362490733877 4.719069700148583E-15 0.0
-2.808005930318755 5.170219338208974E-15 0.0
-2.8020756115641214 5.6644995102209226E-15 0.0
-2.7961452928094888 6.206033555320738E-15 0.0
-2.790214974054855 6.799339009610899E-15 0.0
-2.7842846553002225 7.449365291939231E-15 0.0
-2.7783543365455894 8.161534992491062E-15 0.0
-2.7724240177909563 8.941789108628325E-15 0.0
-2.766493699036323 9.796636605337901E-15 0.0
-2.76056338028169 1.073320871372787E-14 0.0
-2.7546330615270573 1.1759318420535654E-14 0.0
-2.7487027427724238 1.2883525644916025E-14 0.0
-2.742772424017791 1.411520864622084E-14 0.0
-2.736842105263158 1.5464642258462026E-14 0.0
-2.730911786508525 1.6943083604098197E-14 0.0
-2.7249814677538917 1.856286600217873E-14 0.0
-2.7190511489992586 2.0337501854237198E-14 0.0
-2.713120830244626 2.22817953662196E-14 0.0
-2.7071905114899923 2.4411966046785974E-14 0.0
-2.7012601927353597 2.6745784012221672E-14 0.0
-2.6953298739807265 2.930271822668671E-14 0.0
-2.6893995552260934 3.210409891443944E-14 0.0
-2.6834692364714603 3.517329549889512E-14 0.0
-2.677538917716827 3.853591155290637E-14 0.0
-2.6716085989621945 4.2219998386562066E-14 0.0
-2.665678280207561 4.625628905427736E-14 0.0
-2.6597479614529282 5.067845473328758E-14 0.0
-2.653817642698295 5.552338561228323E-14 0.0
-2.647887323943662 6.083149863339001E-14 0.0
-2.641957005189029 6.664707465471071E-14 0.0
-2.6360266864343957 7.301862784607597E-14 0.0
-2.630096367679763 7.999931039954333E-14 0.0
-2.6241660489251295 8.764735593078406E-14 0.0
-2.618235730170497 9.602656527026014E-14 0.0
-2.6123054114158637 1.052068386967146E-13 0.0
-2.6063750926612306 1.1526475905292513E-13 0.0
-2.6004447739065975 1.2628423060813618E-13 0.0
-2.5945144551519643 1.3835717899662937E-13 0.0
-2.5885841363973316 1.5158431807139677E-13 0.0
-2.582653817642698 1.6607599007009365E-13 0.0
-2.5767234988880654 1.8195308610202653E-13 0.0
-2.5707931801334323 1.9934805463498036E-13 0.0
-2.564862861378799 2.1840600639479075E-13 0.0
-2.558932542624166 2.392859248948551E-13 0.0
-2.553002223869533 2.621619926939514E-13 0.0
-2.5470719051149002 2.872250444461523E-13 0.0
-2.5411415863602667 3.146841588643356E-13 0.0
-2.535211267605634 3.447684028776237E-13 0.0
-2.529280948851001 3.7772874253270495E-13 0.0
-2.5233506300963677 4.1384013657998337E-13 0.0
-2.5174203113417346 4.534038302094808E-13 0.0
-2.5114899925871015 4.967498680710878E-13 0.0
-2.505559673832469 5.442398475430508E-13 0.0
-2.4996293550778352 5.96269935216763E-13 0.0
-2.4936990363232026 6.532741717617042E-13 0.0
-2.4877687175685694 7.15728092740073E-13 0.0
-2.4818383988139363 7.84152695576342E-13 0.0
-2.475908080059303 8.5911878577463E-13 0.0
-2.46997776130467 9.4125173864051E-13 0.0
-2.4640474425500374 1.031236716230057E-12 0.0
-2.458117123795404 1.1298243830464905E-12 0.0
-2.452186805040771 1.2378371681653837E-12 0.0
-2.446256486286138 1.3561761260277628E-12 0.0
-2.440326167531505 1.4858284531345877E-12 0.0
-2.4343958487768718 1.6278757233476967E-12 0.0
-2.4284655300222386 1.7835029104969964E-12 0.0
-2.422535211267606 1.9540082735614674E-12 0.0
-2.4166048925129724 2.1408141868872466E-12 0.0
-2.4106745737583397 2.3454790057896512E-12 0.0
-2.4047442550037066 2.5697100665232817E-12 0.0
-2.3988139362490735 2.815377929067381E-12 0.0
-2.3928836174944403 3.084531981541319E-12 0.0
-2.386953298739807 3.3794175364239385E-12 0.0
-2.3810229799851745 3.702494561195283E-12 0.0
-2.375092661230541 4.056458199653775E-12 0.0
-2.3691623424759083 4.444261255099912E-12 0.0
-2.363232023721275 4.869138822943637E-12 0.0
-2.357301704966642 5.334635278223298E-12 0.0
-2.351371386212009 5.8446338431690235E-12 0.0
-2.345441067457376 6.403388981466344E-12 0.0
-2.339510748702743 7.015561889456552E-12 0.0
-2.3335804299481095 7.686259380345265E-12 0.0
-2.327650111193477 8.421076485795491E-12 0.0
-2.3217197924388437 9.226143130292368E-12 0.0
-2.3157894736842106 1.0108175267642174E-11 0.0
-2.3098591549295775 1.1074530906191906E-11 0.0
-2.3039288361749444 1.2133271490137888E-11 0.0
-2.2979985174203117 1.3293229148973026E-11 0.0
-2.292068198665678 1.456408037607489E-11 0.0
-2.2861378799110454 1.595642675106947E-11 0.0
-2.2802075611564123 1.7481883379365403E-11 0.0
-2.274277242401779 1.915317578663084E-11 0.0
-2.268346923647146 2.0984246076517325E-11 0.0
-2.262416604892513 2.2990369237209983E-11 0.0
-2.2564862861378803 2.5188280567045927E-11 0.0
-2.2505559673832467 2.759631528219935E-11 0.0
-2.244625648628614 3.0234561471055756E-11 0.0
-2.238695329873981 3.3125027671237555E-11 0.0
-2.2327650111193478 3.6291826467226687E-11 0.0
-2.2268346923647147 3.976137564017583E-11 0.0
-2.2209043736100815 4.3562618547921796E-11 0.0
-2.214974054855449 4.772726557363516E-11 0.0
-2.2090437361008153 5.229005865729735E-11 0.0
-2.2031134173461826 5.728906111675533E-11 0.0
-2.1971830985915495 6.276597517607301E-11 0.0
-2.1912527798369164 6.876648985003541E-11 0.0
-2.1853224610822832 7.534066208689606E-11 0.0
-2.17939214232765 8.254333434890214E-11 0.0
-2.1734618235730174 9.043459211409953E-11 0.0
-2.167531504818384 9.908026511594788E-11 0.0
-2.161601186063751 1.0855247650214127E-10 0.0
-2.1556708673091176 1.1893024449377707E-10 0.0
-2.149740548554485 1.303001415639797E-10 0.0
-2.143810229799852 1.427570166349193E-10 0.0
-2.1378799110452187 1.564047863178713E-10 0.0
-2.131949592290586 1.713573017969283E-10 0.0
-2.1260192735359524 1.8773929858800249E-10 0.0
-2.1200889547813198 2.0568743709611193E-10 0.0
-2.114158636026686 2.2535144265139307E-10 0.0
-2.1082283172720535 2.4689535453414453E-10 0.0
-2.1022979985174204 2.70498894408405E-10 0.0
-2.0963676797627873 2.9635896557968816E-10 0.0
-2.0904373610081546 3.2469129558384524E-10 0.0
-2.084507042253521 3.557322358097121E-10 0.0
-2.0785767234988883 3.897407331681877E-10 0.0
-2.0726464047442548 4.270004902556245E-10 0.0
-2.066716085989622 4.678223320318477E-10 0.0
-2.060785767234989 5.12546798755891E-10 0.0
-2.054855448480356 5.615469868100008E-10 0.0
-2.048925129725723 6.152316611103738E-10 0.0
-2.0429948109710896 6.740486650686962E-10 0.0
-2.037064492216457 7.384886565507584E-10 0.0
-2.0311341734618233 8.09089200997917E-10 0.0
-2.0252038547071907 8.864392558566722E-10 0.0
-2.0192735359525575 9.711840837259595E-10 0.0
-2.0133432171979244 1.0640306352081688E-9 0.0
-2.0074128984432913 1.16575344636822E-9 0.0
-2.001482579688658 1.2772010999979422E-9 0.0
-1.9955522609340255 1.3993033045863303E-9 0.0
-1.9896219421793924 1.5330786500492202E-9 0.0
-1.9836916234247592 1.6796431049175267E-9 0.0
-1.9777613046701261 1.8402193258685151E-9 0.0
-1.971830985915493 2.016146857261234E-9 0.0
-1.9659006671608599 2.208893305761742E-9 0.0
-1.9599703484062267 2.4200665832780816E-9 0.0
-1.954040029651594 2.6514283203368856E-9 0.0
-1.948109710896961 2.9049085617974828E-9 0.0
-1.9421793921423278 3.1826218674967382E-9 0.0
-1.9362490733876947 3.4868849521379817E-9 0.0
-1.9303187546330616 3.820236011577884E-9 0.0
-1.9243884358784284 4.185455896733291E-9 0.0
-1.9184581171237953 4.585591311743054E-9 0.0
-1.9125277983691626 5.02398022990644E-9 0.0
-1.9065974796145295 5.504279739420674E-9 0.0
-1.9006671608598964 6.030496551209785E-9 0.0
-1.8947368421052633 6.607020423344387E-9 0.0
-1.8888065233506302 7.238660780882564E-9 0.0
-1.882876204595997 7.930686836618569E-9 0.0
-1.876945885841364 8.688871547430984E-9 0.0
-1.8710155670867308 9.519539772919007E-9 0.0
-1.865085248332098 1.0429621038071477E-8 0.0
-1.859154929577465 1.1426707340120552E-8 0.0
-1.8532246108228319 1.2519116481811146E-8 0.0
-1.8472942920681987 1.3715961459419154E-8 0.0
-1.8413639733135656 1.502722648436091E-8 0.0
-1.8354336545589325 1.6463850272574395E-8 0.0
-1.8295033358042994 1.803781729648136E-8 0.0
-1.8235730170496667 1.976225776076414E-8 0.0
-1.8176426982950336 2.1651557135966032E-8 0.0
-1.8117123795404004 2.3721476163656464E-8 0.0
-1.8057820607857673 2.5989282334257173E-8 0.0
-1.7998517420311342 2.847389393433171E-8 0.0
-1.793921423276501 3.119603786499652E-8 0.0
-1.787991104521868 3.4178422547992054E-8 0.0
-1.7820607857672353 3.7445927361815043E-8 0.0
-1.7761304670126021 4.102581018820912E-8 0.0
-1.770200148257969 4.4947934800388946E-8 0.0
-1.7642698295033359 4.924501998989548E-8 0.0
-1.7583395107487028 5.395291251032563E-8 0.0
-1.7524091919940696 5.911088611486276E-8 0.0
-1.7464788732394365 6.476196918221174E-8 0.0
-1.7405485544848038 7.095330366402985E-8 0.0
-1.7346182357301707 7.773653834823217E-8 0.0
-1.7286879169755376 8.51682597188168E-8 0.0
-1.7227575982209045 9.33104640064898E-8 0.0
-1.7168272794662713 1.0223107436798744E-7 0.0
-1.7108969607116382 1.1200450750846222E-7 0.0
-1.704966641957005 1.227122944737584E-7 0.0
-1.6990363232023724 1.3444376079129406E-7 0.0
-1.6931060044477393 1.4729677163335905E-7 0.0
-1.6871756856931062 1.613785482190623E-7 0.0
-1.681245366938473 1.7680656226544287E-7 0.0
-1.67531504818384 1.9370951594935328E-7 0.0
-1.6693847294292068 2.1222841555506425E-7 0.0
-1.6634544106745737 2.3251774776407631E-7 0.0
-1.657524091919941 2.547467683998761E-7 0.0
-1.6515937731653079 2.791009143784871E-7 0.0
-1.6456634544106747 3.0578335064345986E-7 0.0
-1.6397331356560416 3.3501666499000307E-7 0.0
-1.6338028169014085 3.670447249166621E-7 0.0
-1.6278724981467754 4.0213471199460547E-7 0.0
-1.6219421793921422 4.405793507254498E-7 0.0
-1.6160118606375096 4.826993504809971E-7 0.0
-1.6100815418828764 5.28846080895814E-7 0.0
-1.6041512231282433 5.794045030310688E-7 0.0
-1.5982209043736102 6.34796380761715E-7 0.0
-1.592290585618977 6.954837991767633E-7 0.0
-1.586360266864344 7.619730193435228E-7 0.0
-1.5804299481097108 8.348187015926725E-7 0.0
-1.5744996293550781 9.146285325552712E-7 0.0
-1.568569310600445 1.0020682945509512E-6 0.0
-1.562638991845812 1.0978674196166861E-6 0.0
-1.5567086730911788 1.2028250745084475E-6 0.0
-1.5507783543365457 1.3178168274374968E-6 0.0
-1.5448480355819125 1.4438019521559559E-6 0.0
-1.5389177168272794 1.5818314303231328E-6 0.0
-1.5329873980726463 1.733056718909221E-6 0.0
-1.5270570793180136 1.8987393557750015E-6 0.0
-1.5211267605633805 2.080261483558353E-6 0.0
-1.5151964418087474 2.2791373796589705E-6 0.0
-1.5092661230541142 2.4970260885056903E-6 0.0
-1.503335804299481 2.7357452614861665E-6 0.0
-1.497405485544848 2.997286319993111E-6 0.0
-1.4914751667902149 3.283831068078878E-6 0.0
-1.4855448480355822 3.5977698933029698E-6 0.0
-1.479614529280949 3.941721707605923E-6 0.0
-1.473684210526316 4.3185557945585284E-6 0.0
-1.4677538917716828 4.7314157452384965E-6 0.0
-1.4618235730170497 5.1837456824103006E-6 0.0
-1.4558932542624166 5.679318991773135E-6 0.0
-1.4499629355077834 6.222269799956212E-6 0.0
-1.4440326167531508 6.817127461854267E-6 0.0
-1.4381022979985176 7.46885434500038E-6 0.0
-1.4321719792438845 8.182887226177489E-6 0.0
-1.4262416604892514 8.965182645603636E-6 0.0
-1.4203113417346183 9.82226659704051E-6 0.0
-1.4143810229799851 1.0761288968345592E-5 0.0
-1.408450704225352 1.1790083186616943E-5 0.0
-1.4025203854707193 1.2917231565496926E-5 0.0
-1.3965900667160862 1.4152136899769206E-5 0.0
-1.390659747961453 1.550510090449898E-5 0.0
-1.38472942920682 1.6987410153064285E-5 0.0
-1.3787991104521868 1.8611430230982833E-5 0.0
-1.3728687916975537 2.0390708890975868E-5 0.0
-1.3669384729429206 2.2340089069799865E-5 0.0
-1.361008154188288 2.447583270964476E-5 0.0
-1.3550778354336548 2.68157564170304E-5 0.0
-1.3491475166790217 2.9379380090882472E-5 0.0
-1.3432171979243885 3.218808975965956E-5 0.0
-1.3372868791697554 3.526531598593645E-5 0.0
-1.3313565604151223 3.8636729326714114E-5 0.0
-1.3254262416604892 4.233045448000771E-5 0.0
-1.3194959229058565 4.637730490414662E-5 0.0
-1.3135656041512234 5.081103986700666E-5 0.0
-1.3076352853965902 5.5668646069506795E-5 0.0
-1.3017049666419571 6.099064619270465E-5 0.0
-1.295774647887324 6.68214369424242E-5 0.0
-1.2898443291326909 7.320965941142073E-5 0.0
-1.2839140103780577 8.0208604848685E-5 0.0
-1.277983691623425 8.787665922085794E-5 0.0
-1.272053372868792 9.627779027433616E-5 0.0
-1.2661230541141588 1.0548208116119326E-4 0.0
-1.2601927353595257 1.1556631508048267E-4 0.0
-1.2542624166048926 1.2661461581206355E-4 0.0
-1.2483320978502594 1.387191494863531E-4 0.0
-1.2424017790956263 1.5198089344424447E-4 0.0
-1.2364714603409936 1.665104786011043E-4 0.0
-1.2305411415863605 1.8242911234194218E-4 0.0
-1.2246108228317274 1.998695896466437E-4 0.0
-1.2186805040770943 2.189774008801848E-4 0.0
-1.2127501853224611 2.3991194548913389E-4 0.0
-1.206819866567828 2.628478617292308E-4 0.0
-1.200889547813195 2.879764835167744E-4 0.0
-1.1949592290585622 3.155074365570329E-4 0.0
-1.189028910303929 3.456703870647539E-4 0.0
-1.183098591549296 3.787169576647917E-4 0.0
-1.1771682727946629 4.1492282645550345E-4 0.0
-1.1712379540400297 4.545900267455312E-4 0.0
-1.1653076352853966 4.980494666486233E-4 0.0
-1.1593773165307635 5.456636895552319E-4 0.0
-1.1534469977761308 5.978298985090413E-4 0.0
-1.1475166790214977 6.549832697181047E-4 0.0
-1.1415863602668646 7.176005828422638E-4 0.0
-1.1356560415122314 7.862041983411026E-4 0.0
-1.1297257227575983 8.613664150619071E-4 0.0
-1.1237954040029652 9.437142444191048E-4 0.0
-1.117865085248332 0.0010339346409919102 0.0
-1.111934766493699 0.001132780233174394 0.0
-1.1060044477390663 0.0012410756016836796 0.0
-1.1000741289844331 0.0013597241583022742 0.0
-1.0941438102298 0.0014897156822377498 0.0
-1.0882134914751669 0.0016321345769689057 0.0
-1.0822831727205338 0.001788168916457934 0.0
-1.0763528539659006 0.001959120356193066 0.0
-1.0704225352112675 0.002146414991740707 0.0
-1.0644922164566348 0.0023516152553902836 0.0
-1.0585618977020017 0.0025764329501349104 0.0
-1.0526315789473686 0.002822743529718771 0.0
-1.0467012601927355 0.003092601743876921 0.0
-1.0407709414381023 0.003388258779281818 0.0
-1.0348406226834692 0.003712181039188214 0.0
-1.028910303928836 0.004067070718438273 0.0
-1.0229799851742034 0.004455888345465835 0.0
-1.0170496664195703 0.004881877479347694 0.0
-1.0111193476649372 0.005348591767927398 0.0
-1.005189028910304 0.005859924592733365 0.0
-0.9992587101556709 0.0064201415479924915 0.0
-0.9933283914010378 0.0070339160246826946 0.0
-0.9873980726464047 0.007706368196470466 0.0
-0.981467753891772 0.008443107732758368 0.0
-0.9755374351371389 0.009250280595159378 0.0
-0.9696071163825057 0.01013462030777939 0.0
-0.9636767976278726 0.011103504129010126 0.0
-0.9577464788732395 0.012165014593423744 0.0
-0.9518161601186064 0.01332800693715829 0.0
-0.9458858413639732 0.014602182969263943 0.0
-0.9399555226093406 0.015998172005252883 0.0
-0.9340252038547074 0.017527619538009277 0.0
-0.9280948851000743 0.019203284385761826 0.0
-0.9221645663454412 0.021039145127537785 0.0
-0.9162342475908081 0.02305051671399472 0.0
-0.910303928836175 0.02525417822641025 0.0
-0.9043736100815418 0.027668512849609153 0.0
-0.8984432913269091 0.030313661226497386 0.0
-0.892512972572276 0.033211689473503156 0.0
-0.8865826538176429 0.036386773258528265 0.0
-0.8806523350630098 0.039865399477008095 0.0
-0.8747220163083766 0.04367658720848382 0.0
-0.8687916975537435 0.04785212979693091 0.0
-0.8628613787991104 0.052426860074304124 0.0
-0.8569310600444777 0.05743894093982309 0.0
-0.8510007412898446 0.06293018371904235 0.0
-0.8450704225352115 0.06894639695849206 0.0
-0.8391401037805784 0.07553776856557225 0.0
-0.8332097850259452 0.08275928448155344 0.0
-0.8272794662713121 0.09067118738029939 0.0
-0.821349147516679 0.0993394792192269 0.0
-0.8154188287620463 0.10883647183483733 0.0
-0.8094885100074132 0.11924139017594827 0.0
-0.80355819125278 0.13064103320686243 0.0
-0.7976278724981469 0.1431304979938004 0.0
-0.7916975537435138 0.15681397301500505 0.0
-0.7857672349888807 0.17180560731239722 0.0
-0.7798369162342476 0.18823046273534072 0.0
-0.7739065974796144 0.2062255572202379 0.0
-0.7679762787249818 0.2259410078091079 0.0
-0.7620459599703486 0.24754128294233377 0.0
-0.7561156412157155 0.27120657447234076 0.0
-0.7501853224610824 0.29713430084369374 0.0
-0.7442550037064493 0.32529042624564736 -10.0
-0.7383246849518161 0.3533849346415022 -10.0
-0.732394366197183 0.3811642864017334 -10.0
-0.7264640474425503 0.4086037072754253 -10.0
-0.7205337286879172 0.43567872616967523 -10.0
-0.7146034099332841 0.4623651969734647 -10.0
-0.708673091178651 0.488639320091704 -10.0
-0.7027427724240178 0.5144776636702474 -10.0
-0.6968124536693847 0.539857184492947 -10.0
-0.6908821349147516 0.5647552485321117 -10.0
-0.6849518161601189 0.5891496511340428 -10.0
-0.6790214974054858 0.6130186368216433 -10.0
-0.6730911786508527 0.6363409186964414 -10.0
-0.6671608598962195 0.6590956974227264 -10.0
-0.6612305411415864 0.6812626797768642 -10.0
-0.6553002223869533 0.7028220967452494 -10.0
-0.6493699036323202 0.7237547211547585 -10.0
-0.6434395848776875 0.7440418848199736 -10.0
-0.6375092661230544 0.7636654951918913 -10.0
-0.6315789473684212 0.7826080514932647 -10.0
-0.6256486286137881 0.8008526603261902 -10.0
-0.619718309859155 0.8183830507380196 -10.0
-0.6137879911045219 0.8351835887321625 -10.0
-0.6078576723498887 0.8512392912108354 -10.0
-0.6019273535952561 0.8665358393373259 -10.0
-0.5959970348406229 0.8810595913058535 -10.0
-0.5900667160859898 0.8947975945076385 -10.0
-0.5841363973313567 0.90773759708233 -10.0
-0.5782060785767236 0.9198680588444913 -10.0
-0.5722757598220904 0.931178161575396 -10.0
-0.5663454410674573 0.9416578186709594 -10.0
-0.5604151223128246 0.9512976841371987 -10.0
-0.5544848035581915 0.960089160925201 -10.0
-0.5485544848035584 0.9680244085981649 -10.0
-0.5426241660489253 0.975096350323678 -10.0
-0.5366938472942921 0.9812986791849959 -10.0
-0.530763528539659 0.9866258638056923 -10.0
-0.5248332097850259 0.9910731532826643 -10.0
-0.5189028910303932 0.9946365814230956 -10.0
-0.5129725722757601 0.997312970281596 -10.0
-0.507042253521127 0.9990999329943646 -10.0
-0.5011119347664938 0.9999958759078488 -10.0
-0.4951816160118607 1.0 -10.0
-0.4892512972572276 0.9991123015928604 -10.0
-0.4833209785025945 0.9973335723558419 -10.0
-0.4773906597479618 0.9946653985996979 -10.0
-0.4714603409933287 0.9911101598618166 -10.0
-0.46553002223869555 0.9866710267840946 -10.0
-0.4595997034840624 0.981351958285288 -10.0
-0.4536693847294293 0.9751576980303593 -10.0
-0.4477390659747962 0.9680937701999703 -10.0
-0.44180874722016306 0.9601664745638936 -10.0
-0.4358784284655304 0.9513828808627358 -10.0
-0.42994810971089725 0.9417508225029845 -10.0
-0.42401779095626413 0.9312788895709991 -10.0
-0.418087472201631 0.9199764211721796 -10.0
-0.4121571534469979 0.9078534971021415 -10.0
-0.40622683469236476 0.8949209288573278 -10.0
-0.40029651593773163 0.8811902499930728 -10.0
-0.39436619718309895 0.8666737058377182 -10.0
-0.38843587842846583 0.8513842425719538 -10.0
-0.3825055596738327 0.8353354956831218 -10.0
-0.3765752409191996 0.8185417778047834 -10.0
-0.37064492216456646 0.801018065952389 -10.0
-0.36471460340993334 0.7827799881664399 -10.0
-0.3587842846553002 0.7638438095750493 -10.0
-0.3528539659006671 0.7442264178883355 -10.0
-0.3469236471460344 0.7239453083375822 -10.0
-0.3409933283914013 0.7030185680725972 -10.0
-0.33506300963676816 0.6814648600311859 -10.0
-0.32913269088213504 0.6593034062951227 -10.0
-0.3232023721275019 0.6365539709474664 -10.0
-0.3172720533728688 0.6132368424465062 -10.0
-0.31134173461823567 0.5893728155320579 -10.0
-0.305411415863603 0.5649831726802479 -10.0
-0.29948109710896986 0.5400896651233208 -10.0
-0.29355077835433674 0.5147144934514023 -10.0
-0.2876204595997036 0.4888802878135127 -10.0
-0.2816901408450705 0.4626100877354912 -10.0
-0.27575982209043737 0.4359273215728283 -10.0
-0.26982950333580424 0.40885578561673114 -10.0
-0.26389918458117156 0.3814196228720556 -10.0
-0.25796886582653844 0.35364330152603163 -10.0
-0.2520385470719053 0.3255515931269833 -10.0
-0.2461082283172722 0.2973982377642012 0.0
-0.24017790956263907 0.27147528224125034 0.0
-0.23424759080800595 0.24781700314917812 0.0
-0.22831727205337282 0.22622604054194212 0.0
-0.22238695329874014 0.2065222802532253 0.0
-0.21645663454410702 0.1885413513644042 0.0
-0.2105263157894739 0.17213325500440801 0.0
-0.20459599703484077 0.15716111304276653 0.0
-0.19866567828020765 0.14350002623730795 0.0
-0.19273535952557452 0.13103603231105046 0.0
-0.1868050407709414 0.11966515526645059 0.0
-0.18087472201630872 0.10929253800628494 0.0
-0.1749444032616756 0.09983165102539304 0.0
-0.16901408450704247 0.09120357057210242 0.0
-0.16308376575240935 0.08333632025767898 0.0
-0.15715344699777622 0.07616427062143737 0.0
-0.1512231282431431 0.0696275916426177 0.0
-0.14529280948850998 0.06367175363182304 0.0
-0.1393624907338773 0.05824707233839965 0.0
-0.13343217197924417 0.05330829447899582 0.0
-0.12750185322461105 0.04881422022973369 0.0
-0.12157153446997793 0.044727359532782195 0.0
-0.1156412157153448 0.04101361935020339 0.0
-0.10971089696071168 0.0376420192561093 0.0
-0.10378057820607856 0.034584432994568245 0.0
-0.09785025945144588 0.0318153538473084 0.0
-0.09191994069681275 0.029311681853890416 0.0
-0.08598962194217963 0.02705253110931647 0.0
-0.0800593031875465 0.025019055531531508 0.0
-0.07412898443291338 0.023194291645350022 0.0
-0.06819866567828026 0.021563017071294825 0.0
-0.06226834692364713 0.020111623538846202 0.0
-0.056338028169014454 0.018828003364764152 0.0
-0.05040770941438133 0.01770144844947348 0.0
-0.044477390659748206 0.016722560948928555 0.0
-0.03854707190511508 0.015883174876772658 0.0
-0.03261675315048196 0.015176287982788661 0.0
-0.026686434395848835 0.014596003339363544 0.0
-0.02075611564121571 0.014137480148674693 0.0
-0.014825796886582587 0.013796893360226197 0.0
-0.008895478131949908 0.013571401761860178 0.0
-0.002965159377316784 0.013459124278054898 0.0
0.00296515937731634 0.013459124277787475 0.0
0.00889547813194902 0.013571401761055677 0.0
0.014825796886582587 0.01379689335887791 0.0
0.020756115641215267 0.014137480146771365 0.0
0.026686434395848835 0.0145960033368893 0.0
0.032616753150481514 0.015176287979722859 0.0
0.03854707190511508 0.015883174873089722 0.0
0.04447739065974776 0.016722560944597762 0.0
0.05040770941438044 0.017701448444458704 0.0
0.05633802816901401 0.01882800335902356 0.0
0.06226834692364669 0.0201116235323319 0.0
0.06819866567828026 0.021563017063952476 0.0
0.07412898443291294 0.023194291637118378 0.0
0.0800593031875465 0.025019055522341894 0.0
0.08598962194217918 0.027052531099092236 0.0
0.09191994069681186 0.02931168184254626 0.0
0.09785025945144543 0.03181535383474969 0.0
0.10378057820607811 0.0345844329806902 0.0
0.10971089696071168 0.03764201924079615 0.0
0.11564121571534436 0.04101361933332739 0.0
0.12157153446997793 0.044727359514202564 0.0
0.1275018532246106 0.04881422020929543 0.0
0.13343217197924329 0.053308294456528446 0.0
0.13936249073387685 0.05824707231371573 0.0
0.14529280948850953 0.06367175360471666 0.0
0.1512231282431431 0.06962759161286274 0.0
0.15715344699777578 0.07616427058878562 0.0
0.16308376575240935 0.08333632022185807 0.0
0.16901408450704203 0.0912035705328135 0.0
0.1749444032616747 0.09983165098230834 0.0
0.18087472201630828 0.10929253795904506 0.0
0.18680504077094096 0.11966515521466145 0.0
0.19273535952557452 0.13103603225428004 0.0
0.1986656782802072 0.1435000261750827 0.0
0.20459599703484077 0.15716111297456736 0.0
0.21052631578947345 0.17213325492966602 0.0
0.21645663454410702 0.18854135128249588 0.0
0.2223869532987397 0.2065222801634674 0.0
0.22831727205337238 0.22622604044358594 0.0
0.23424759080800595 0.24781700304140317 0.0
0.24017790956263863 0.2714752821231576 0.0
0.2461082283172722 0.29739823763483186 0.0
0.2520385470719049 0.32555159298536707 -10.0
0.25796886582653844 0.35364330137219546 -10.0
0.2638991845811711 0.3814196227061366 -10.0
0.2698295033358038 0.4088557854388773 -10.0
0.27575982209043737 0.4359273213831983 -10.0
0.28169014084507005 0.4626100875342541 -10.0
0.2876204595997036 0.48888028760084795 -10.0
0.2935507783543363 0.5147144932274995 -10.0
0.29948109710896986 0.5400896648883798 -10.0
0.30541141586360254 0.564983172434478 -10.0
0.3113417346182352 0.5893728152756785 -10.0
0.3172720533728688 0.6132368421797458 -10.0
0.32320237212750147 0.636553970670563 -10.0
0.32913269088213504 0.6593034060083233 -10.0
0.3350630096367677 0.6814648597347461 -10.0
0.3409933283914013 0.7030185677667815 -10.0
0.34692364714603396 0.7239453080226632 -10.0
0.35285396590066664 0.7442264175645941 -10.0
0.3587842846553002 0.7638438092427743 -10.0
0.3647146034099329 0.7827799878259277 -10.0
0.37064492216456646 0.8010180656039432 -10.0
0.37657524091919914 0.8185417774487146 -10.0
0.3825055596738327 0.8353354953197477 -10.0
0.3884358784284654 0.8513842422015984 -10.0
0.39436619718309807 0.8666737054607118 -10.0
0.40029651593773163 0.8811902496097517 -10.0
0.4062268346923643 0.8949209284680338 -10.0
0.4121571534469979 0.9078534967072218 -10.0
0.41808747220163056 0.9199764207719863 -10.0
0.42401779095626413 0.9312788891658892 -10.0
0.4299481097108968 0.9417508220933192 -10.0
0.4358784284655295 0.9513828804488806 -10.0
0.44180874722016306 0.9601664741462175 -10.0
0.44773906597479574 0.9680937697788459 -10.0
0.4536693847294293 0.975157697606162 -10.0
0.459599703484062 0.9813519578583961 -10.0
0.46553002223869555 0.986671026354889 -10.0
0.47146034099332823 0.9911101594306799 -10.0
0.4773906597479609 0.9946653981670147 -10.0
0.4833209785025945 0.9973335719219979 -10.0
0.48925129725722716 0.9991123011582428 -10.0
0.4951816160118607 0.9999999995649963 -10.0
0.5011119347664934 0.9999958754728467 -10.0
0.507042253521127 0.9990999325597524 -10.0
0.5129725722757597 0.9973129698477611 -10.0
0.5189028910303923 0.9946365809904248 -10.0
0.5248332097850259 0.9910731528515437 -10.0
0.5307635285396586 0.9866258633765063 -10.0
0.5366938472942921 0.9812986787581274 -10.0
0.5426241660489248 0.9750963498995073 -10.0
0.5485544848035584 0.9680244081770706 -10.0
0.5544848035581911 0.9600891605075587 -10.0
0.5604151223128238 0.9512976837233805 -10.0
0.5663454410674573 0.9416578182613347 -10.0
0.57227575982209 0.93117816117033 -10.0
0.5782060785767236 0.9198680584443453 -10.0
0.5841363973313562 0.9077375966874607 -10.0
0.5900667160859898 0.8947975941183982 -10.0
0.5959970348406225 0.8810595909225892 -10.0
0.6019273535952552 0.8665358389603796 -10.0
0.6078576723498887 0.8512392908405431 -10.0
0.6137879911045214 0.8351835883688545 -10.0
0.619718309859155 0.8183830503820199 -10.0
0.6256486286137877 0.8008526599778163 -10.0
0.6315789473684212 0.7826080511528273 -10.0
0.6375092661230539 0.7636654948596939 -10.0
0.6434395848776866 0.7440418844963126 -10.0
0.6493699036323202 0.7237547208399224 -10.0
0.6553002223869528 0.7028220964395192 -10.0
0.6612305411415864 0.6812626794805122 -10.0
0.6671608598962191 0.6590956971360173 -10.0
0.6730911786508527 0.6363409184196307 -10.0
0.6790214974054853 0.6130186365549779 -10.0
0.684951816160118 0.5891496508777605 -10.0
0.6908821349147516 0.564755248286441 -10.0
0.6968124536693843 0.5398571842581069 -10.0
0.7027427724240178 0.5144776634464476 -10.0
0.7086730911786505 0.48863931987914405 -10.0
0.7146034099332841 0.46236519677233406 -10.0
0.7205337286879168 0.43567872598015334 -10.0
0.7264640474425494 0.4086037070976811 -10.0
0.732394366197183 0.3811642862359255 -10.0
0.7383246849518157 0.3533849344877784 -10.0
0.7442550037064493 0.32529042610414477 -10.0
0.7501853224610819 0.29713430071443925 0.0
0.7561156412157155 0.2712065743543649 0.0
0.7620459599703482 0.24754128283465235 0.0
0.7679762787249809 0.22594100771082268 0.0
0.7739065974796144 0.20622555713052898 0.0
0.7798369162342471 0.18823046265345975 0.0
0.7857672349888807 0.17180560723766114 0.0
0.7916975537435134 0.15681397294679036 0.0
0.7976278724981469 0.1431304979315381 0.0
0.8035581912527796 0.1306410331500331 0.0
0.8094885100074123 0.1192413901240778 0.0
0.8154188287620459 0.10883647178749306 0.0
0.8213491475166785 0.09933947917601384 0.0
0.8272794662713121 0.09067118734085708 0.0
0.8332097850259448 0.08275928444555283 0.0
0.8391401037805784 0.07553776853271303 0.0
0.845070422535211 0.06894639692850012 0.0
0.8510007412898437 0.06293018369166749 0.0
0.8569310600444773 0.05743894091483693 0.0
0.86286137879911 0.052426860051498235 0.0
0.8687916975537435 0.047852129776115054 0.0
0.8747220163083762 0.04367658718948434 0.0
0.8806523350630098 0.039865399459666495 0.0
0.8865826538176425 0.03638677324269988 0.0
0.8925129725722751 0.03321168945905594 0.0
0.8984432913269087 0.03031366121331083 0.0
0.9043736100815414 0.027668512837573243 0.0
0.910303928836175 0.025254178215424583 0.0
0.9162342475908076 0.02305051670396766 0.0
0.9221645663454412 0.021039145118385675 0.0
0.9280948851000739 0.019203284377408324 0.0
0.9340252038547074 0.017527619530384696 0.0
0.9399555226093401 0.015998171998293616 0.0
0.9458858413639728 0.014602182962911938 0.0
0.9518161601186064 0.013328006931360556 0.0
0.957746478873239 0.012165014588131918 0.0
0.9636767976278726 0.011103504124180059 0.0
0.9696071163825053 0.01013462030337079 0.0
0.9755374351371389 0.00925028059113547 0.0
0.9814677538917715 0.008443107729085584 0.0
0.9873980726464042 0.0077063681931181655 0.0
0.9933283914010378 0.007033916021622915 0.0
0.9992587101556705 0.006420141545199706 0.0
1.005189028910304 0.0058599245901842754 0.0
1.0111193476649367 0.0053485917656007406 0.0
1.0170496664195703 0.0048818774772240595 0.0
1.022979985174203 0.004455888343527507 0.0
1.0289103039288356 0.0040670707166690825 0.0
1.0348406226834692 0.003712181037573401 0.0
1.040770941438102 0.0033882587778079117 0.0
1.0467012601927355 0.0030926017425316277 0.0
1.0526315789473681 0.0028227435284908665 0.0
1.0585618977020017 0.0025764329490141524 0.0
1.0644922164566344 0.002351615254367322 0.0
1.070422535211267 0.002146414990807008 0.0
1.0763528539659006 0.001959120355340841 0.0
1.0822831727205333 0.0017881689156800736 0.0
1.0882134914751669 0.001632134576258921 0.0
1.0941438102297996 0.0014897156815897178 0.0
1.1000741289844331 0.001359724157710789 0.0
1.1060044477390658 0.001241075601143807 0.0
1.1119347664936985 0.0011327802326816304 0.0
1.117865085248332 0.0010339346405421447 0.0
1.1237954040029647 9.437142440085855E-4 0.0
1.1297257227575983 8.613664146872095E-4 0.0
1.135656041512231 7.862041979991008E-4 0.0
1.1415863602668646 7.176005825301048E-4 0.0
1.1475166790214972 6.549832694331844E-4 0.0
1.15344699777613 5.978298982489829E-4 0.0
1.1593773165307635 5.456636893178661E-4 0.0
1.1653076352853962 4.980494664319698E-4 0.0
1.1712379540400297 4.545900265477828E-4 0.0
1.1771682727946624 4.1492282627501046E-4 0.0
1.183098591549296 3.7871695750004835E-4 0.0
1.1890289103039287 3.4567038691438596E-4 0.0
1.1949592290585613 3.1550743641978597E-4 0.0
1.200889547813195 2.8797648339150354E-4 0.0
1.2068198665678276 2.62847861614891E-4 0.0
1.2127501853224611 2.399119453847713E-4 0.0
1.2186805040770938 2.1897740078492876E-4 0.0
1.2246108228317274 1.9986958955969965E-4 0.0
1.23054114158636 1.8242911226258485E-4 0.0
1.2364714603409928 1.665104785286716E-4 0.0
1.2424017790956263 1.5198089337813218E-4 0.0
1.248332097850259 1.3871914942600974E-4 0.0
1.2542624166048926 1.266146157569857E-4 0.0
1.2601927353595253 1.1556631503021087E-4 0.0
1.2661230541141588 1.0548208111530816E-4 0.0
1.2720533728687915 9.627779023245497E-5 0.0
1.2779836916234242 8.787665918263126E-5 0.0
1.2839140103780577 8.020860481379395E-5 0.0
1.2898443291326904 7.320965937957425E-5 0.0
1.295774647887324 6.682143691335663E-5 0.0
1.3017049666419567 6.099064616617349E-5 0.0
1.3076352853965902 5.566864604529072E-5 0.0
1.313565604151223 5.081103984490366E-5 0.0
1.3194959229058556 4.6377304883972317E-5 0.0
1.3254262416604892 4.2330454461593794E-5 0.0
1.3313565604151218 3.8636729309906995E-5 0.0
1.3372868791697554 3.5265315970595895E-5 0.0
1.343217197924388 3.218808974565762E-5 0.0
1.3491475166790217 2.9379380078102327E-5 0.0
1.3550778354336543 2.6815756405365447E-5 0.0
1.361008154188287 2.4475832698997678E-5 0.0
1.3669384729429206 2.2340089060081842E-5 0.0
1.3728687916975533 2.039070888210583E-5 0.0
1.3787991104521868 1.8611430222886788E-5 0.0
1.3847294292068195 1.6987410145674698E-5 0.0
1.390659747961453 1.5505100897754203E-5 0.0
1.3965900667160858 1.4152136893612973E-5 0.0
1.4025203854707184 1.2917231559877879E-5 0.0
1.408450704225352 1.1790083181488211E-5 0.0
1.4143810229799847 1.076128896366439E-5 0.0
1.4203113417346183 9.822266592767786E-6 0.0
1.426241660489251 8.965182641703747E-6 0.0
1.4321719792438845 8.182887222617903E-6 0.0
1.4381022979985172 7.4688543417514E-6 0.0
1.4440326167531499 6.8171274588887915E-6 0.0
1.4499629355077834 6.222269797249501E-6 0.0
1.4558932542624161 5.6793189893026095E-6 0.0
1.4618235730170497 5.1837456801553515E-6 0.0
1.4677538917716824 4.731415743180312E-6 0.0
1.473684210526316 4.31855579267994E-6 0.0
1.4796145292809486 3.941721705891259E-6 0.0
1.4855448480355813 3.597769891737926E-6 0.0
1.4914751667902149 3.2838310666503994E-6 0.0
1.4974054855448475 2.99728631868928E-6 0.0
1.503335804299481 2.735745260296107E-6 0.0
1.5092661230541138 2.4970260874194747E-6 0.0
1.5151964418087474 2.279137378667537E-6 0.0
1.52112676056338 2.080261482653431E-6 0.0
1.5270570793180127 1.8987393549490428E-6 0.0
1.5329873980726463 1.7330567181553347E-6 0.0
1.538917716827279 1.5818314296350301E-6 0.0
1.5448480355819125 1.4438019515278964E-6 0.0
1.5507783543365452 1.3178168268642414E-6 0.0
1.5567086730911788 1.202825073985214E-6 0.0
1.5626389918458115 1.0978674191391097E-6 0.0
1.5685693106004441 1.0020682941150477E-6 0.0
1.5744996293550777 9.146285321574043E-7 0.0
1.5804299481097104 8.348187012295232E-7 0.0
1.586360266864344 7.619730190120617E-7 0.0
1.5922905856189766 6.954837988742252E-7 0.0
1.5982209043736102 6.347963804855762E-7 0.0
1.6041512231282429 5.794045027790256E-7 0.0
1.6100815418828756 5.288460806657639E-7 0.0
1.6160118606375091 4.826993502710209E-7 0.0
1.6219421793921418 4.405793505337961E-7 0.0
1.6278724981467754 4.021347118196753E-7 0.0
1.633802816901408 3.6704472475699617E-7 0.0
1.6397331356560416 3.350166648442695E-7 0.0
1.6456634544106743 3.0578335051044297E-7 0.0
1.651593773165307 2.7910091425707713E-7 0.0
1.6575240919199405 2.547467682890603E-7 0.0
1.6634544106745732 2.325177476629302E-7 0.0
1.6693847294292068 2.122284154627441E-7 0.0
1.6753150481838395 1.937095158650889E-7 0.0
1.681245366938473 1.7680656218853135E-7 0.0
1.6871756856931057 1.6137854814886202E-7 0.0
1.6931060044477384 1.472967715692844E-7 0.0
1.699036323202372 1.3444376073281051E-7 0.0
1.7049666419570046 1.2271229442037809E-7 0.0
1.7108969607116382 1.1200450745973983E-7 0.0
1.716827279466271 1.0223107432351655E-7 0.0
1.7227575982209045 9.331046396589939E-8 0.0
1.7286879169755371 8.516825968176828E-8 0.0
1.7346182357301707 7.773653831441648E-8 0.0
1.7405485544848034 7.09533036331649E-8 0.0
1.746478873239436 6.476196915404004E-8 0.0
1.7524091919940696 5.91108860891493E-8 0.0
1.7583395107487023 5.395291248685591E-8 0.0
1.7642698295033359 4.924501996847371E-8 0.0
1.7702001482579686 4.494793478083643E-8 0.0
1.7761304670126021 4.1025810170362736E-8 0.0
1.7820607857672348 3.744592734552592E-8 0.0
1.7879911045218675 3.417842253312431E-8 0.0
1.793921423276501 3.119603785142613E-8 0.0
1.7998517420311337 2.8473893921945457E-8 0.0
1.8057820607857673 2.5989282322951735E-8 0.0
1.8117123795404 2.372147615333753E-8 0.0
1.8176426982950336 2.1651557126547522E-8 0.0
1.8235730170496662 1.9762257752167485E-8 0.0
1.829503335804299 1.803781728863484E-8 0.0
1.8354336545589325 1.6463850265412556E-8 0.0
1.8413639733135652 1.502722647782401E-8 0.0
1.8472942920681987 1.3715961453452659E-8 0.0
1.8532246108228314 1.2519116476365281E-8 0.0
1.859154929577465 1.142670733514989E-8 0.0
1.8650852483320977 1.042962103353455E-8 0.0
1.8710155670867303 9.519539768777971E-9 0.0
1.876945885841364 8.688871543651292E-9 0.0
1.8828762045959966 7.93068683316869E-9 0.0
1.8888065233506302 7.238660777733719E-9 0.0
1.8947368421052628 6.607020420470307E-9 0.0
1.9006671608598964 6.030496548586496E-9 0.0
1.906597479614529 5.5042797370262915E-9 0.0
1.9125277983691618 5.023980227720989E-9 0.0
1.9184581171237953 4.585591309748304E-9 0.0
1.924388435878428 4.185455894912602E-9 0.0
1.9303187546330616 3.820236009916066E-9 0.0
1.9362490733876943 3.4868849506211735E-9 0.0
1.9421793921423278 3.182621866112286E-9 0.0
1.9481097108969605 2.904908560533836E-9 0.0
1.9540400296515932 2.6514283191835043E-9 0.0
1.9599703484062267 2.4200665822253433E-9 0.0
1.9659006671608594 2.208893304800865E-9 0.0
1.971830985915493 2.0161468563842024E-9 0.0
1.9777613046701257 1.8402193250680125E-9 0.0
1.9836916234247592 1.6796431041868755E-9 0.0
1.989621942179392 1.5330786493823252E-9 0.0
1.9955522609340246 1.399303303977628E-9 0.0
2.001482579688658 1.2772010994423548E-9 0.0
2.007412898443291 1.1657534458611128E-9 0.0
2.0133432171979244 1.0640306347453114E-9 0.0
2.019273535952557 9.711840833034907E-10 0.0
2.0252038547071907 8.864392554710677E-10 0.0
2.0311341734618233 8.090892006459601E-10 0.0
2.037064492216456 7.38488656229513E-10 0.0
2.0429948109710896 6.740486647754825E-10 0.0
2.0489251297257223 6.152316608427457E-10 0.0
2.054855448480356 5.615469865657258E-10 0.0
2.0607857672349885 5.125467985329311E-10 0.0
2.066716085989622 4.678223318283432E-10 0.0
2.0726464047442548 4.270004900698776E-10 0.0
2.0785767234988874 3.8974073299864903E-10 0.0
2.084507042253521 3.557322356549672E-10 0.0
2.0904373610081537 3.246912954426033E-10 0.0
2.0963676797627873 2.963589654507709E-10 0.0
2.10229799851742 2.70498894290737E-10 0.0
2.1082283172720535 2.468953544267441E-10 0.0
2.114158636026686 2.2535144255336433E-10 0.0
2.120088954781319 2.0568743700663712E-10 0.0
2.1260192735359524 1.8773929850633515E-10 0.0
2.131949592290585 1.7135730172238722E-10 0.0
2.1378799110452187 1.5640478624983463E-10 0.0
2.1438102297998514 1.4275701657281946E-10 0.0
2.149740548554485 1.3030014150729865E-10 0.0
2.1556708673091176 1.1893024444204197E-10 0.0
2.1616011860637503 1.0855247645492051E-10 0.0
2.167531504818384 9.908026507284759E-11 0.0
2.1734618235730165 9.043459207476014E-11 0.0
2.17939214232765 8.254333431299548E-11 0.0
2.185322461082283 7.53406620541226E-11 0.0
2.1912527798369164 6.876648982012173E-11 0.0
2.197183098591549 6.276597514876957E-11 0.0
2.2031134173461817 5.728906109183437E-11 0.0
2.2090437361008153 5.229005863455097E-11 0.0
2.214974054855448 4.772726555287362E-11 0.0
2.2209043736100815 4.356261852897189E-11 0.0
2.226834692364714 3.9761375622879486E-11 0.0
2.2327650111193478 3.62918264514396E-11 0.0
2.2386953298739805 3.3125027656828043E-11 0.0
2.244625648628613 3.023456145790361E-11 0.0
2.2505559673832467 2.7596315270194847E-11 0.0
2.2564862861378794 2.518828055608893E-11 0.0
2.262416604892513 2.2990369227209085E-11 0.0
2.2683469236471456 2.0984246067389096E-11 0.0
2.274277242401779 1.9153175778299134E-11 0.0
2.280207561156412 1.748188337176072E-11 0.0
2.2861378799110446 1.5956426744128364E-11 0.0
2.292068198665678 1.4564080369739458E-11 0.0
2.297998517420311 1.3293229143190423E-11 0.0
2.3039288361749444 1.213327148485987E-11 0.0
2.309859154929577 1.1074530901374442E-11 0.0
2.3157894736842106 1.0108175263245079E-11 0.0
2.3217197924388433 9.22614312627896E-12 0.0
2.327650111193476 8.421076482132289E-12 0.0
2.3335804299481095 7.686259377001712E-12 0.0
2.3395107487027422 7.015561886404757E-12 0.0
2.345441067457376 6.4033889786808455E-12 0.0
2.3513713862120085 5.844633840626585E-12 0.0
2.357301704966642 5.334635275902711E-12 0.0
2.3632320237212747 4.869138820825543E-12 0.0
2.3691623424759074 4.444261253166642E-12 0.0
2.375092661230541 4.0564581978892E-12 0.0
2.3810229799851736 3.702494559584683E-12 0.0
2.386953298739807 3.379417534953879E-12 0.0
2.39288361749444 3.084531980199536E-12 0.0
2.3988139362490735 2.8153779278426806E-12 0.0
2.404744255003706 2.569710065405448E-12 0.0
2.410674573758339 2.345479004769359E-12 0.0
2.4166048925129724 2.1408141859559846E-12 0.0
2.422535211267605 1.954008272711466E-12 0.0
2.4284655300222386 1.7835029097211658E-12 0.0
2.4343958487768713 1.6278757226395645E-12 0.0
2.440326167531505 1.4858284524882468E-12 0.0
2.4462564862861376 1.3561761254378208E-12 0.0
2.452186805040771 1.2378371676269198E-12 0.0
2.458117123795404 1.1298243825550126E-12 0.0
2.4640474425500365 1.031236715781465E-12 0.0
2.46997776130467 9.412517382310621E-13 0.0
2.4759080800593027 8.5911878540091E-13 0.0
2.4818383988139363 7.841526952352325E-13 0.0
2.487768717568569 7.157280924287285E-13 0.0
2.4936990363232026 6.532741714775275E-13 0.0
2.4996293550778352 5.962699349573832E-13 0.0
2.505559673832468 5.442398473063043E-13 0.0
2.5114899925871015 4.967498678549998E-13 0.0
2.517420311341734 4.534038300122484E-13 0.0
2.5233506300963677 4.138401363999613E-13 0.0
2.5292809488510004 3.7772874236839146E-13 0.0
2.535211267605634 3.447684027276481E-13 0.0
2.5411415863602667 3.146841587274468E-13 0.0
2.5470719051148993 2.8722504432120835E-13 0.0
2.553002223869533 2.6216199257990986E-13 0.0
2.5589325426241656 2.392859247907648E-13 0.0
2.564862861378799 2.184060062997833E-13 0.0
2.570793180133432 1.993480545482632E-13 0.0
2.5767234988880654 1.8195308602287624E-13 0.0
2.582653817642698 1.6607598999784994E-13 0.0
2.5885841363973308 1.5158431800545704E-13 0.0
2.5945144551519643 1.3835717893644345E-13 0.0
2.600444773906597 1.2628423055320208E-13 0.0
2.6063750926612306 1.1526475900278453E-13 0.0
2.6123054114158633 1.0520683865094921E-13 0.0
2.618235730170497 9.602656522848821E-14 0.0
2.6241660489251295 8.764735589265714E-14 0.0
2.630096367679762 7.999931036474332E-14 0.0
2.6360266864343957 7.301862781431259E-14 0.0
2.6419570051890284 6.664707462571899E-14 0.0
2.647887323943662 6.083149860692809E-14 0.0
2.6538176426982947 5.5523385588130347E-14 0.0
2.6597479614529282 5.0678454711242254E-14 0.0
2.665678280207561 4.6256289034155704E-14 0.0
2.6716085989621936 4.2219998368196204E-14 0.0
2.677538917716827 3.85359115361431E-14 0.0
2.68346923647146 3.5173295483594596E-14 0.0
2.6893995552260934 3.2104098900474037E-14 0.0
2.695329873980726 2.930271821393992E-14 0.0
2.7012601927353597 2.6745784000587154E-14 0.0
2.7071905114899923 2.4411966036166675E-14 0.0
2.713120830244625 2.2281795356526932E-14 0.0
2.7190511489992586 2.0337501845390306E-14 0.0
2.7249814677538913 1.8562865994103814E-14 0.0
2.730911786508525 1.6943083596727892E-14 0.0
2.7368421052631575 1.5464642251734844E-14 0.0
2.742772424017791 1.4115208640080671E-14 0.0
2.7487027427724238 1.2883525639311642E-14 0.0
2.7546330615270564 1.1759318415420307E-14 0.0
2.76056338028169 1.0733208709058883E-14 0.0
2.7664936990363227 9.796636601076326E-15 0.0
2.7724240177909563 8.941789104738612E-15 0.0
2.778354336545589 8.161534988940762E-15 0.0
2.7842846553002225 7.449365288698728E-15 0.0
2.790214974054855 6.7993390066531605E-15 0.0
2.796145292809488 6.206033552621089E-15 0.0
2.8020756115641214 5.664499507756844E-15 0.0
2.808005930318754 5.170219335959909E-15 0.0
2.8139362490733877 4.71906969809577E-15 0.0
2.8198665678280204 4.307287054650863E-15 0.0
2.825796886582654 3.93143626987524E-15 0.0
2.8317272053372866 3.588381955505256E-15 0.0
2.8376575240919193 3.275262315012509E-15 0.0
2.843587842846553 2.989465270184889E-15 0.0
2.8495181616011855 2.7286066708850706E-15 0.0
2.855448480355819 2.490510406209884E-15 0.0
2.861378799110452 2.2731902511356782E-15 0.0
2.8673091178650854 2.0748332972124164E-15 0.0
2.873239436619718 1.8937848290835394E-15 0.0
2.8791697553743507 1.7285345206698795E-15 0.0
2.8851000741289843 1.5777038358646867E-15 0.0
2.891030392883617 1.440034528634983E-15 0.0
2.8969607116382505 1.3143781465958423E-15 0.0
2.902891030392883 1.1996864504952625E-15 0.0
2.9088213491475168 1.095002669687931E-15 0.0
2.9147516679021495 9.994535206500863E-16 0.0
2.920681986656782 9.12241921953062E-16 0.0
2.9266123054114157 8.326403449230222E-16 0.0
2.9325426241660484 7.599847445173662E-16 0.0
2.938472942920682 6.93669019788518E-16 0.0
2.9444032616753146 6.331399577236752E-16 0.0
2.950333580429948 5.778926182814839E-16 0.0
2.956263899184581 5.27466122127109E-16 0.0
2.9621942179392136 4.81439805926527E-16 0.0
2.968124536693847 4.394297131270858E-16 0.0
2.97405485544848 4.010853909500408E-16 0.0
2.9799851742031134 3.6608696687522927E-16 0.0
2.985915492957746 3.3414248022959924E-16 0.0
2.9918458117123796 3.0498544661941304E-16 0.0
2.9977761304670123 2.7837263488835236E-16 0.0
3.003706449221645 2.5408203805666883E-16 0.0
3.0096367679762785 2.319110213147306E-16 0.0
3.0155670867309112 2.1167463162132686E-16 0.0
3.021497405485545 1.9320405480521387E-16 0.0
3.0274277242401775 1.7634520729887542E-16 0.0
3.033358042994811 1.6095745075658754E-16 0.0
3.0392883617494437 1.4691241883399013E-16 0.0
3.0452186805040764 1.3409294634203375E-16 0.0
3.05114899925871 1.2239209184218617E-16 0.0
3.0570793180133427 1.117122455292814E-16 0.0
3.063009636767976 1.0196431495987277E-16 0.0
3.068939955522609 9.306698183334701E-17 0.0
3.0748702742772425 8.494602362578604E-17 0.0
3.080800593031875 7.753369441757248E-17 0.0
3.086730911786508 7.076815974953506E-17 0.0
3.0926612305411414 6.459298079314216E-17 0.0
3.098591549295774 5.895664353163487E-17 0.0
3.1045218680504076 5.381212902447748E-17 0.0
3.1104521868050403 4.911652117022426E-17 0.0
3.116382505559674 4.4830648695717735E-17 0.0
3.1223128243143066 4.091875838505317E-17 0.0
3.1282431430689392 3.7348216822349747E-17 0.0
3.134173461823573 3.4089238160233916E-17 0.0
3.1401037805782055 3.111463564305006E-17 0.0
3.146034099332839 2.8399594811977914E-17 0.0
3.1519644180874717 2.592146650010903E-17 0.0
3.1578947368421053 2.3659577890624684E-17 0.0
3.163825055596738 2.159506006190195E-17 0.0
3.1697553743513707 1.971069058091032E-17 0.0
3.1756856931060042 1.799074983179588E-17 0.0
3.181616011860637 1.6420889881130313E-17 0.0
3.1875463306152705 1.4988014785884484E-17 0.0
3.193476649369903 1.3680171345642471E-17 0.0
3.1994069681245367 1.2486449387699262E-17 0.0
3.2053372868791694 1.1396890753209389E-17 0.0
3.211267605633802 1.0402406225139102E-17 0.0
3.2171979243884357 9.494699705025953E-18 0.0
3.2231282431430683 8.666199006020058E-18 0.0
3.229058561897702 7.90999268487504E-18 0.0
3.2349888806523346 7.219772385934209E-18 0.0
3.240919199406968 6.5897802161392336E-18 0.0
3.246849518161601 6.014760712057884E-18 0.0
3.2527798369162344 5.48991699823455E-18 0.0
3.258710155670867 5.0108707711316925E-18 0.0
3.2646404744254998 4.573625774843934E-18 0.0
3.2705707931801333 4.174534463895173E-18 0.0
3.276501111934766 3.810267575016161E-18 0.0
3.2824314306893996 3.477786354066991E-18 0.0
3.2883617494440323 3.17431720641843E-18 0.0
3.294292068198666 2.8973285593228427E-18 0.0
3.3002223869532985 2.644509743258056E-18 0.0
3.306152705707931 2.4137517160700385E-18 0.0
3.3120830244625648 2.203129469113087E-18 0.0
3.3180133432171974 2.0108859686176303E-18 0.0
3.323943661971831 1.835417498322772E-18 0.0
3.3298739807264637 1.6752602811002278E-18 0.0
3.3358042994810972 1.5290782679657787E-18 0.0
3.34173461823573 1.3956519926128397E-18 0.0
3.3476649369903626 1.2738683984914473E-18 0.0
3.353595255744996 1.162711553569052E-18 0.0
3.359525574499629 1.0612541753146318E-18 0.0
3.3654558932542624 9.68649895206623E-19 0.0
3.371386212008895 8.84126198234349E-19 0.0
3.3773165307635287 8.069779784934952E-19 0.0
3.3832468495181613 7.365616571157056E-19 0.0
3.389177168272794 6.722898134634294E-19 0.0
3.3951074870274276 6.136262848028561E-19 0.0
3.4010378057820603 5.600816935758782E-19 0.0
3.406968124536694 5.112093649590953E-19 0.0
3.4128984432913265 4.6660160065369E-19 0.0
3.41882876204596 4.258862778217285E-19 0.0
3.4247590808005928 3.887237447968345E-19 0.0
3.4306893995552254 3.5480398767292265E-19 0.0
3.436619718309859 3.2384404413436173E-19 0.0
3.4425500370644917 2.9558564295345744E-19 0.0
3.4484803558191253 2.697930494636854E-19 0.0
3.454410674573758 2.462510990353774E-19 0.0
3.4603409933283915 2.2476340214889936E-19 0.0
3.466271312083024 2.0515070609184625E-19 0.0
3.472201630837657 1.872493996133531E-19 0.0
3.4781319495922904 1.7091014806118538E-19 0.0
3.484062268346923 1.5599664761577285E-19 0.0
3.4899925871015567 1.4238448822887174E-19 0.0
3.4959229058561894 1.2996011578136532E-19 0.0
3.501853224610823 1.1861988480240986E-19 0.0
3.5077835433654556 1.0826919384760594E-19 0.0
3.5137138621200883 9.882169632342534E-20 0.0
3.519644180874722 9.01985801745046E-20 0.0
3.5255744996293545 8.232791042487847E-20 0.0
3.531504818383988 7.514402908855998E-20 0.0
3.537435137138621 6.858700744345601E-20 0.0
3.5433654558932544 6.260214609942746E-20 0.0
3.549295774647887 5.713951869000738E-20 0.0
3.5552260934025197 5.215355538120331E-20 0.0
3.5611564121571533 4.7602662722969095E-20 0.0
3.567086730911786 4.344887667210539E-20 0.0
3.5730170496664195 3.9657545892068235E-20 0.0
3.578947368421052 3.6197042687738125E-20 0.0
3.584877687175686 3.303849916373567E-20 0.0
3.5908080059303185 3.015556640528801E-20 0.0
3.596738324684951 2.752419467270627E-20 0.0
3.6026686434395847 2.5122432775832522E-20 0.0
3.6085989621942174 2.2930244954815893E-20 0.0
3.614529280948851 2.092934373961738E-20 0.0
3.6204595997034836 1.910303739393907E-20 0.0
3.626389918458117 1.7436090670938302E-20 0.0
3.63232023721275 1.591459771913592E-20 0.0
3.6382505559673826 1.4525866078285648E-20 0.0
3.644180874722016 1.3258310797485567E-20 0.0
3.650111193476649 1.2101357792253419E-20 0.0
3.6560415122312824 1.1045355634359893E-20 0.0
3.661971830985915 1.0081495038561062E-20 0.0
3.6679021497405486 9.201735374579517E-21 0.0
3.6738324684951813 8.398737591289097E-21 0.0
3.679762787249814 7.665802993549483E-21 0.0
3.6856931060044476 6.996817360960303E-21 0.0
3.6916234247590802 6.386199942367299E-21 0.0
3.697553743513714 5.828856900627159E-21 0.0
3.7034840622683465 5.320138819262174E-21 0.0
3.70941438102298 4.855801916520582E-21 0.0
3.7153446997776127 4.431972643286075E-21 0.0
3.7212750185322454 4.045115369508333E-21 0.0
3.727205337286879 3.6920028895913055E-21 0.0
3.7331356560415117 3.369689500691939E-21 0.0
3.739065974796145 3.075486429345589E-21 0.0
3.744996293550778 2.80693940142435E-21 0.0
3.7509266123054115 2.5618081683144453E-21 0.0
3.756856931060044 2.3380478185178083E-21 0.0
3.762787249814677 2.1337917187772012E-21 0.0
3.7687175685693104 1.9473359424178744E-21 0.0
3.774647887323943 1.7771250550052975E-21 0.0
3.7805782060785766 1.621739138741357E-21 0.0
3.7865085248332093 1.4798819473551279E-21 0.0
3.792438843587843 1.3503700926750215E-21 0.0
3.7983691623424756 1.232123172675513E-21 0.0
3.8042994810971082 1.1241547586455385E-21 0.0
3.810229799851742 1.0255641662925377E-21 0.0
3.8161601186063745 9.355289421357929E-22 0.0
3.822090437361008 8.532980025097371E-22 0.0
3.8280207561156407 7.781853679420486E-22 0.0
3.8339510748702743 7.095644406380321E-22 0.0
3.839881393624907 6.468627773334341E-22 0.0
3.8458117123795397 5.895573139102597E-22 0.0
3.8517420311341732 5.371700019388193E-22 0.0
3.857672349888806 4.8926382074555685E-22 0.0
3.8636026686434395 4.454391317388997E-22 0.0
3.869532987398072 4.0533034458051346E-22 0.0
3.8754633061527057 3.686028673908029E-22 0.0
3.8813936249073384 3.349503155469381E-22 0.0
3.887323943661971 3.040919557888943E-22 0.0
3.8932542624166047 2.757703643119601E-22 0.0
3.8991845811712373 2.4974927930926587E-22 0.0
3.905114899925871 2.2581163005000695E-22 0.0
3.9110452186805036 2.0375772605171838E-22 0.0
3.916975537435137 1.8340359124047756E-22 0.0
3.92290585618977 1.64579429202418E-22 0.0
3.9288361749444025 1.4712820672351486E-22 0.0
3.934766493699036 1.3090434380137635E-22 0.0
3.9406968124536688 1.1577249920097649E-22 0.0
3.9466271312083023 1.0160644142330241E-22 0.0
3.952557449962935 8.828799566841395E-23 0.0
3.9584877687175686 7.570605800836592E-23 0.0
3.9644180874722013 6.375566854611629E-23 0.0
3.970348406226835 5.2337135828610727E-23 0.0
3.9762787249814675 4.135520520980164E-23 0.0
3.9822090437361 3.07182642259957E-23 0.0
3.9881393624907338 2.0337578354683915E-23 0.0
3.9940696812453664 1.0126550781471144E-23 0.0
4.0 0.0 0.0
