
145970
145967
111779
145916
110797
110793
146838
146878
146880
146886
112351
112346
112340
112371
112374
146924
112378
112379
146929
146929
146933
112380
112382
146948
146952
112387
146956
112393
112398
112411
147011
112446
112470
147061
112480
147064
147065
147067
112487
112838
147554
112841
112864
147604
112873
112877
147604<record>
146924<record>
147656
147664
113443
148336
113806
113807
113808
113809
113812
136973<record>
136972<record>
101057<record>
113857
148787
133716<record>
150614
115299
115300
115795
115797
115799
115801
115802
115804
115807
115811
115813
151143
151143<record>
124475<record>
124464<record>
115873
115878
151524
116566
116605
152308
116685
116693
143824<record>
152450
116754
116776
122932<record>
116784
152512
98254<record>
116786
116787
116789
116791
116819
116828
116864
152601
152617
152625
152631
152636
152638
137457<record>
117266
153075
117273
117276
117279
117283
153175
117346
117347
153185
153187
153188
153189
153190
153194
153195
153196
153200
153203
117358
153206
153208
153210
117360
153211
153214
153215
153218
117362
153220
153222
117371
117387
117409
153214<record>
153215<record>
153360
153377
153380
153654
153655
153657
153658
153659
153660
153661
153662
153663
153664
153665
153670
153672
117588
154099
154187
117933
117934
118135
154482
153393
153397
153398
153399
153400
153402
153403
153404
153412
153416
153427
153433
153437
153443
153445
153452
153456
153461
153463
153523
153531
153537
153546
153560
153562
153564
117496
153567
153578
153580
153582
153587
153588
153590
153591
117564
153649
153650
153651
153653
153383
153385
153389
153390
154513
118162
118163
118189
124462<record>
124474<record>
155110
118667
155116
155139
155158
155163
155166
154099<record>
118703
118762
155400
118770
118785
118786
156796
156801
156814
119993
120376
120476
120540
120551
120584
121024
159090
121605
159371
121608
121609
121622
121626
154187<record>
159399
155400<record>
159371<record>
159526
159530
159539
122271
160362
160534
163634
146880<record>
163940
163943
163948
163950
163952
164532
164636
164637
164642
126523
164532<record>
126527
154513<record>
165226
126788
126791
165229
165230
165232
165235
165237
165239
165240
165243
165246
165247
165248
126803
165249
165251
126805
165255
152601<record>
126818
164896<record>
111382<record>
164914<record>
133949<record>
166030
127678
166030<record>
167074
168610
129743
168967
129983
130057
130524
169685
130535
169706
130552
130553
169708
130677