34.
32.
34.
29.
31.
35.
30.
26.
32.
27.
26.
31.
30.
31.
23.
24.
23.
30.
28.
37.
28.
34.
37.
32.
36.
33.
23.
38.
41.
32.
23.
38.
38.
29.
27.
29.
24.
28.
24.
29.
30.
23.
36.
36.
31.
31.
36.
30.
32.
23.
25.
23.
33.
36.
45.
44.
38.
40.
40.
41.
36.
35.
38.
43.
39.
30.
32.
31.
36.
32.
31.
34.
27.
37.
35.
33.
25.
25.
21.
24.
32.
26.
22.
28.
29.
29.
31.
38.
31.
28.
39.
35.
38.
31.
36.
34.
42.
45.
30.
41.
37.
36.
36.
33.
38.
45.
40.
42.
32.
37.
40.
41.
34.
31.
28.
41.
30.
32.
45.
39.
34.
39.
32.
31.
46.
33.
33.
41.
37.
41.
42.
37.
41.
38.
31.
45.
42.
42.
38.
38.
44.
44.
49.
50.
40.
45.
37.
35.
38.
37.
38.
44.
39.
34.
30.
40.
36.
38.
42.
38.
42.
42.
31.
35.
33.
26.
26.
44.
39.
36.
32.
33.
33.
31.
38.
33.
46.
40.
42.
42.
33.
47.
42.
49.
51.
69.
54.
39.
51.
53.
46.
52.
55.
48.
57.
55.
46.
51.
58.
48.
46.
41.
43.
38.
45.
65.
61.
61.
37.
40.
57.
58.
61.
51.
45.
56.
50.
57.
55.
51.
52.
48.
45.
49.
52.
48.
52.
54.
49.
62.
66.
78.
64.
70.
45.
66.
60.
50.
47.
58.
67.
71.
60.
55.
67.
60.
66.
66.
66.
65.
68.
65.
56.
73.
89.
79.
74.
60.
63.
61.
54.
57.
48.
66.
66.
59.
60.
53.
46.
45.
54.
62.
45.
45.
45.
46.
54.
51.
56.
47.
44.
55.
61.
69.
67.
82.
74.
68.
75.
73.
88.
75.
85.
73.
75.
77.
80.
84.
78.
74.
75.
63.
66.
54.
53.
39.
48.
53.
45.
36.
36.
60.
62.
64.
60.
68.
65.
80.
87.
88.
89.
81.
80.
76.
87.
86.
82.
93.
84.
95.
73.
88.
92.
104.
93.
85.
96.
93.
94.
97.
97.
103.
95.
98.
86.
113.
102.
115.
116.
108.
90.
109.
102.
94.
102.
104.
86.
96.
107.
88.
96.
112.
118.
115.
103.
97.
104.
91.
107.
113.
112.
101.
105.
90.
101.
107.
93.
72.
82.
111.
114.
111.
94.
114.
95.
104.
107.
108.
101.
95.
81.
90.
89.
98.
106.
92.
107.
106.
100.
101.
108.
116.
105.
103.
111.
113.
108.
126.
112.
104.
92.
99.
113.
118.
113.
101.
108.
86.
84.
100.
99.
99.
115.
125.
122.
113.
117.
97.
110.
127.
109.
131.
117.
98.
109.
126.
145.
139.
122.
103.
89.
111.
108.
105.
94.
96.
101.
87.
81.
85.
89.
99.
107.
118.
112.
110.
106.
114.
133.
113.
116.
109.
121.
132.
142.
121.
122.
101.
106.
121.
122.
123.
128.
124.
134.
116.
112.
117.
113.
96.
107.
113.
116.
124.
116.
109.
128.
125.
111.
111.
128.
111.
129.
121.
129.
136.
108.
123.
101.
106.
109.
104.
96.
127.
107.
103.
117.
116.
114.
124.
110.
143.
126.
128.
135.
121.
113.
105.
84.
93.
102.
106.
101.
97.
95.
110.
95.
122.
118.
117.
104.
117.
102.
101.
111.
120.
113.
104.
124.
115.
124.
106.
122.
128.
130.
112.
115.
99.
104.
116.
112.
122.
97.
101.
104.
96.
100.
141.
110.
137.
133.
120.
133.
127.
128.
124.
111.
114.
120.
130.
139.
139.
127.
143.
142.
124.
128.
103.
93.
110.
118.
95.
98.
101.
124.
132.
124.
137.
133.
126.
115.
116.
116.
147.
141.
134.
140.
134.
154.
174.
167.
123.
109.
118.
123.
129.
129.
116.
139.
125.
111.
128.
122.
121.
121.
121.
119.
132.
114.
120.
136.
114.
140.
130.
108.
94.
107.
111.
118.
124.
138.
133.
142.
127.
110.
116.
126.
117.
123.
126.
105.
118.
127.
123.
102.
114.
132.
103.
99.
109.
108.
131.
93.
137.
136.
134.
117.
99.
98.
123.
109.
113.
109.
100.
86.
81.
87.
78.
101.
98.
118.
134.
122.
132.
145.
149.
161.
163.
139.
146.
141.
134.
123.
139.
139.
160.
140.
159.
147.
132.
164.
139.
168.
171.
147.
154.
125.
128.
142.
148.
145.
143.
144.
127.
149.
136.
142.
149.
138.
133.
118.
130.
122.
142.
148.
145.
167.
157.
152.
142.
154.
163.
162.
152.
152.
147.
155.
182.
176.
167.
145.
148.
138.
134.
148.
142.
122.
135.
130.
151.
152.
135.
135.
136.
129.
117.
135.
143.
163.
149.
122.
106.
130.
127.
138.
156.
177.
171.
156.
162.
168.
159.
156.
138.
126.
160.
144.
138.
135.
164.
135.
154.
121.
132.
154.
168.
180.
154.
147.
148.
151.
152.
157.
183.
148.
153.
130.
150.
162.
154.
172.
157.
175.
165.
139.
129.
156.
158.
137.
169.
160.
139.
146.
174.
152.
154.
152.
167.
170.
154.
154.
173.
175.
160.
168.
184.
161.
137.
136.
136.
148.
148.
134.
149.
143.
141.
154.
157.
178.
171.
172.
179.
190.
176.
136.
133.
177.
174.
176.
164.
152.
174.
171.
183.
165.
146.
152.
152.
143.
166.
179.
178.
187.
183.
192.
179.
167.
136.
151.
129.
134.
128.
140.
151.
149.
194.
193.
187.
177.
201.
200.
182.
204.
171.
181.
185.
197.
179.
169.
200.
206.
192.
151.
170.
169.
207.
203.
185.
178.
170.
204.
168.
188.
182.
156.
160.
161.
172.
148.
154.
166.
169.
167.
162.
140.
178.
149.
160.
140.
175.
194.
181.
200.
175.
162.
186.
159.
179.
163.
171.
176.
187.
171.
149.
159.
175.
171.
165.
168.
177.
196.
182.
189.
172.
170.
171.
193.
189.
152.
182.
167.
169.
182.
186.
173.
187.
198.
165.
164.
154.
177.
170.
180.
158.
177.
160.
159.
159.
190.
186.
159.
162.
178.
174.
201.
182.
179.
176.
173.
183.
180.
181.
187.
182.
174.
159.
157.
154.
180.
177.
179.
201.
172.
149.
179.
195.
172.
167.
154.
170.
175.
193.
177.
190.
196.
202.
197.
208.
186.
187.
179.
196.
180.
159.
146.
183.
165.
171.
174.
158.
145.
168.
152.
158.
147.
149.
159.
144.
194.
176.
177.
160.
165.
150.
126.
154.
190.
178.
185.
160.
167.
145.
169.
203.
193.
181.
174.
151.
141.
151.
151.
175.
155.
140.
161.
157.
169.
188.
181.
168.
180.
188.
166.
165.
171.
173.
168.
173.
175.
170.
172.
174.
162.
180.
185.
176.
174.
170.
169.
154.
168.
181.
192.
163.
161.
158.
148.
159.
157.
176.
153.
142.
158.
155.
150.
157.
134.
174.
177.
167.
165.
155.
171.
171.
169.
168.
185.
162.
196.
177.
182.
206.
180.
155.
163.
167.
153.
160.
167.
162.
169.
160.
162.
173.
170.
190.
162.
170.
165.
181.
176.
154.
164.
183.
212.
201.
181.
167.
192.
231.
167.
179.
172.
159.
160.
177.
157.
145.
144.
176.
171.
183.
176.
184.
178.
165.
160.
184.
157.
189.
188.
166.
146.
151.
165.
164.
186.
168.
183.
186.
181.
175.
185.
168.
165.
187.
190.
176.
158.
157.
156.
156.
174.
201.
172.
146.
151.
169.
178.
173.
163.
169.
187.
173.
157.
156.
163.
169.
189.
163.
156.
149.
150.
174.
184.
181.
188.
178.
204.
171.
146.
136.
160.
153.
151.
179.
193.
175.
169.
167.
164.
173.
166.
157.
170.
183.
177.
183.
175.
175.
178.
178.
174.
169.
147.
138.
177.
161.
158.
164.
150.
173.
160.
150.
178.
189.
159.
157.
158.
150.
127.
153.
197.
166.
152.
145.
157.
124.
147.
144.
170.
151.
141.
151.
151.
160.
135.
160.
157.
170.
177.
153.
169.
162.
168.
166.
180.
154.
149.
148.
166.
167.
158.
138.
145.
151.
152.
150.
145.
154.
172.
168.
162.
148.
149.
173.
169.
168.
146.
159.
172.
171.
165.
159.
165.
148.
148.
175.
149.
140.
152.
166.
168.
184.
159.
151.
150.
150.
153.
154.
177.
149.
163.
172.
150.
150.
170.
169.
144.
173.
189.
161.
151.
159.
157.
171.
162.
143.
144.
166.
206.
181.
163.
165.
143.
186.
178.
177.
166.
170.
178.
171.
159.
159.
185.
177.
166.
166.
174.
156.
174.
160.
161.
155.
152.
156.
147.
152.
178.
167.
151.
148.
134.
155.
156.
132.
164.
162.
159.
160.
134.
157.
150.
163.
145.
146.
145.
161.
156.
157.
154.
158.
145.
162.
157.
154.
137.
144.
143.
155.
133.
133.
158.
149.
155.
136.
153.
176.
150.
159.
147.
175.
158.
154.
155.
148.
149.
162.
133.
139.
139.
164.
126.
118.
122.
146.
130.
135.
141.
162.
149.
148.
145.
151.
145.
154.
150.
163.
138.
136.
138.
129.
105.
121.
150.
129.
151.
137.
148.
151.
149.
147.
158.
134.
146.
146.
151.
172.
168.
156.
140.
155.
149.
168.
144.
133.
147.
135.
125.
147.
153.
155.
135.
147.
123.
137.
155.
145.
143.
132.
136.
128.
138.
141.
134.
135.
141.
149.
127.
142.
151.
137.
127.
133.
138.
137.
144.
136.
154.
154.
149.
143.
122.
130.
163.
138.
122.
115.
140.
126.
140.
130.
143.
128.
121.
123.
138.
155.
149.
117.
154.
134.
124.
130.
145.
145.
139.
146.
135.
108.
118.
121.
132.
135.
148.
124.
135.
147.
147.
168.
141.
122.
136.
133.
122.
125.
128.
114.
128.
123.
130.
108.
116.
116.
105.
109.
117.
115.
132.
131.
133.
139.
132.
108.
124.
135.
123.
138.
131.
125.
111.
110.
107.
118.
126.
114.
108.
99.
93.
92.
87.
86.
83.
88.
102.
99.
114.
117.
110.
109.
91.
107.
102.
106.
109.
133.
137.
125.
110.
114.
122.
118.
103.
113.
125.
128.
127.
131.
126.
155.
113.
138.
132.
118.
117.
117.
121.
133.
121.
106.
114.
136.
133.
121.
130.
123.
114.
117.
129.
124.
140.
126.
119.
122.
121.
103.
122.
120.
108.
102.
112.
106.
107.
115.
108.
116.
121.
105.
113.
124.
129.
148.
130.
132.
125.
122.
129.
119.
120.
133.
113.
109.
100.
95.
80.
107.
107.
114.
123.
106.
124.
138.
119.
106.
110.
103.
103.
100.
89.
102.
99.
86.
81.
97.
95.
104.
127.
102.
116.
135.
125.
125.
106.
79.
115.
113.
113.
120.
122.
120.
134.
122.
120.
120.
119.
125.
139.
123.

